1.17122699419 502.828773006
(17,136.788919784)	(33,1.05824611281)	
261214	3
196671	3
173443	3
284318	3
234951	3
268554	3
209920	3
55339	3
177256	3
43196	3
44526	3
227007	3
268200	3
176219	3
284769	3
126250	3
28201	3
256924	3
223308	3
286217	3
120414	3
42928	3
198365	3
232755	3
29299	3
65318	3
177270	3
235112	3
166690	3
94369	3
262237	3
293127	3
48687	3
113812	3
252959	3
218438	3
109657	3
131669	3
277536	3
120168	3
108481	3
45338	3
280574	3
21509	3
37641	3
183123	3
72691	3
96455	3
114714	3
101882	3
75221	3
128779	3
81239	3
243621	3
39603	3
272452	3
183013	3
201340	3
49055	3
134323	3
250229	3
133586	3
125022	3
32880	3
23103	3
229391	3
79319	3
42674	3
258760	3
224381	3
274083	3
83404	3
155955	3
193070	3
263854	3
276755	3
248646	3
34503	3
160977	3
50611	3
181312	3
227173	3
162993	3
91836	3
101006	3
88207	3
266769	3
250269	3
184571	3
107985	3
42708	3
6598	3
242521	3
287023	3
60546	3
140027	3
171768	3
198022	3
132619	3
39135	3
59353	3
79863	3
120003	3
128003	3
36053	3
123352	3
229306	3
136097	3
188078	3
46771	3
166957	3
162654	3
217938	3
139841	3
279066	3
124902	3
121426	3
52129	3
179070	3
17210	3
167855	3
153711	3
268073	3
82226	3
99842	3
281019	3
157677	3
13941	3
221206	3
279852	3
176078	3
270051	3
173482	3
262045	3
269930	3
283260	3
267086	3
83135	3
51446	3
34014	3
267514	3
257874	3
118690	3
203831	3
196322	3
239038	3
246490	3
286681	3
114364	3
64312	3
235247	3
141964	3
78252	3
232343	3
209886	3
136315	3
159033	3
289293	3
103210	3
252631	3
251861	3
136799	3
7145	3
173349	3
152623	3
82411	3
259898	3
2230	3
56263	3
126268	3
17088	3
53765	3
243448	3
31530	3
213733	3
245598	3
159204	3
51684	3
64789	3
140387	3
247570	3
126163	3
111925	3
226816	3
135844	3
811	3
175141	3
138902	3
252200	3
93703	3
177428	3
160587	3
138300	3
164635	3
152757	3
187489	3
58100	3
17938	3
37846	3
21940	3
267015	3
22079	3
235391	3
56289	3
119925	3
274446	3
9042	3
174726	3
282869	3
78995	3
200012	3
166354	3
221813	3
87038	3
193000	3
15402	3
131839	3
87841	3
231342	3
16191	3
184541	3
262603	3
121841	3
271874	3
222131	3
278781	3
138380	3
288342	3
211160	3
253441	3
171916	3
141560	3
167623	3
227033	3
125997	3
61229	3
38524	3
195190	3
198108	3
208452	3
234846	3
182877	3
81515	3
284333	3
126444	3
97291	3
135721	3
198131	3
18733	3
180160	3
19405	3
7865	3
179186	3
54082	3
196246	3
165587	3
118033	3
289306	3
16435	3
1504	3
123822	3
220938	3
194262	3
28517	3
163361	3
30758	3
28351	3
277246	3
165626	3
195539	3
156992	3
293824	3
280671	3
248925	3
232393	3
244824	3
25969	3
103543	3
131414	3
151980	3
15225	3
247656	3
164939	3
110774	3
287182	3
201768	3
50042	3
261076	3
188007	3
236	3
236458	3
175421	3
251044	3
58819	3
99773	3
251291	3
263795	3
151694	3
24636	3
77665	3
21266	3
251879	3
157681	3
27589	3
7797	3
71780	3
225289	3
294876	3
92013	3
36936	3
57230	3
97533	3
77287	3
240231	3
9540	3
58165	3
603	3
164108	3
163178	3
177438	3
32932	3
153898	3
168012	3
220224	3
108906	3
85804	3
280716	3
103309	3
228747	3
293200	3
98510	3
81596	3
82939	3
209838	3
34134	3
239183	3
282457	3
2691	3
205140	3
231965	3
96062	3
118873	3
230360	3
71102	3
111247	3
76293	3
144201	3
89080	3
177993	3
183482	3
220196	3
75977	3
170981	3
43011	3
278377	3
37580	3
102614	3
230078	3
289830	3
170985	3
284635	3
129200	3
279495	3
224035	3
10947	3
153577	3
166955	3
166951	3
281328	3
38413	3
155777	3
294380	3
154734	3
51096	3
249676	3
34831	3
18796	3
209113	3
295718	3
48151	3
186171	3
81219	3
134390	3
221547	3
220324	3
154656	3
270440	3
70805	3
211139	3
266876	3
124109	3
192096	3
113095	3
290811	3
68765	3
151080	3
6405	3
196621	3
73040	3
118146	3
250392	3
162697	3
40231	3
115004	3
21447	3
194083	3
81566	3
244506	3
80763	3
135150	3
22554	3
204663	3
91619	3
238062	3
187717	3
34320	3
199138	3
273838	3
88998	3
131406	3
49063	3
74694	3
21652	3
270398	3
207510	3
42941	3
176735	3
266865	3
288124	3
114223	3
179929	3
52153	3
196117	3
64682	3
120695	3
21973	3
97622	3
16940	3
80288	3
203279	3
269657	3
57420	3
160822	3
205541	3
99093	3
131305	3
54072	3
229015	3
3183	3
158018	3
61289	3
150245	3
49074	3
60156	3
140349	3
271331	3
253186	3
209839	3
28905	3
67478	3
51699	3
206423	3
205035	3
291236	3
236756	3
247693	3
52382	3
175235	3
78957	3
228614	3
219027	3
213335	3
235894	3
42736	3
242229	3
186031	3
71864	3
76447	3
228971	3
43937	3
139709	3
36050	3
216523	3
228351	3
109382	3
140244	3
93099	3
205174	3
47274	3
82123	3
36212	3
78423	3
226036	3
268940	3
29160	3
126536	3
50991	3
16863	3
249633	3
132007	3
141254	3
190124	3
51466	3
234093	3
