0.321444801769 243.282808837
(12,81.8870817467)	(33,0.76606215127)	(34,81.8108650661)	(40,81.8108650661)	
206499	14
166157	14
270065	14
160090	14
62867	14
87611	14
24559	14
241713	14
239602	14
271178	14
220147	14
122539	14
177726	14
39975	14
250812	14
166074	14
293637	14
216331	14
29282	14
26441	14
19021	14
36295	14
144610	14
265045	14
2239	14
101086	14
125905	14
141640	14
250135	14
187596	14
179728	14
99241	14
144232	14
165479	14
290416	14
164111	14
72048	14
131287	14
292313	14
86638	14
81455	14
163060	14
123424	14
29996	14
122337	14
227982	14
159476	14
92910	14
43062	14
296146	14
39438	14
177340	14
18721	14
181352	14
228129	14
4246	14
230384	14
145205	14
36485	14
193912	14
264771	14
239702	14
26361	14
126466	14
189362	14
117408	14
68161	14
207673	14
17259	14
183324	14
215102	14
49160	14
99158	14
189164	14
229538	14
162387	14
29966	14
125711	14
225299	14
267954	14
130771	14
101090	14
141380	14
279346	14
179729	14
40581	14
245345	14
22185	14
144255	14
194081	14
23025	14
136445	14
246959	14
34436	14
138977	14
23762	14
248728	14
235445	14
104350	14
274442	14
151374	14
78414	14
156115	14
78942	14
217878	14
165889	14
26754	14
175026	14
271302	14
179237	14
135934	14
70469	14
224674	14
76962	14
222805	14
61504	14
205287	14
258520	14
198833	14
14136	14
123813	14
170453	14
270122	14
173791	14
123956	14
178916	14
99724	14
58680	14
65675	14
56853	14
223272	14
134004	14
27350	14
1492	14
214740	14
189022	14
117582	14
53223	14
83367	14
52963	14
259251	14
36129	14
278364	14
44106	14
88968	14
235129	14
17216	14
55449	14
241759	14
18983	14
177557	14
285562	14
14161	14
67026	14
93726	14
11210	14
235976	14
215080	14
31111	14
29459	14
286905	14
286992	14
125143	14
183059	14
223104	14
12149	14
70075	14
172316	14
72604	14
283663	14
108920	14
172559	14
221147	14
240586	14
251777	14
237140	14
250309	14
49795	14
167988	14
258806	14
268513	14
40279	14
69771	14
193374	14
184082	14
265594	14
157019	14
281071	14
29029	14
59831	14
287954	14
119549	14
16265	14
36564	14
178391	14
14182	14
71507	14
95985	14
226995	14
40330	14
27711	14
289457	14
53091	14
259892	14
69304	14
269396	14
232147	14
284234	14
92702	14
96711	14
1202	14
72230	14
214396	14
222418	14
90894	14
132087	14
217168	14
102941	14
145485	14
66381	14
58106	14
122671	14
34478	14
217515	14
157433	14
155347	14
17323	14
130049	14
236271	14
37620	14
12283	14
13158	14
7622	14
22114	14
241879	14
194348	14
159606	14
126327	14
123496	14
34984	14
135132	14
85539	14
187982	14
2562	14
