28.9127115352 352.276498841
(22,114.976313756)	(33,0.383031075635)	(42,97.3422893775)	(54,97.9923416718)	
261100	12
277468	12
139801	12
102933	12
58985	12
245379	12
267872	12
22276	12
181392	12
88382	12
131302	12
43512	12
204093	12
133685	12
226527	12
217871	12
295468	12
44434	12
26557	12
119443	12
140852	12
64920	12
192932	12
2990	12
189837	12
108207	12
247737	12
206280	12
119498	12
94295	12
204840	12
93962	12
135438	12
251042	12
284732	12
242961	12
174958	12
226578	12
149253	12
64577	12
175368	12
278094	12
165668	12
37726	12
127969	12
215499	12
266686	12
62913	12
246976	12
288394	12
224763	12
126373	12
12415	12
61299	12
25747	12
186667	12
178990	12
92169	12
170734	12
241263	12
81828	12
139908	12
107930	12
234663	12
11205	12
87866	12
135287	12
236625	12
80302	12
262233	12
257017	12
201586	12
121606	12
224110	12
140210	12
93478	12
120274	12
149745	12
190062	12
137371	12
207337	12
25624	12
249348	12
118112	12
244295	12
57845	12
259327	12
227696	12
82201	12
152972	12
142942	12
203742	12
251110	12
277723	12
214900	12
272517	12
111692	12
33065	12
56482	12
90130	12
138859	12
173495	12
180295	12
46680	12
159716	12
245033	12
168204	12
240957	12
168987	12
129131	12
269152	12
150643	12
34094	12
103702	12
155068	12
175538	12
125889	12
54409	12
289103	12
14320	12
213188	12
136496	12
55015	12
152519	12
226715	12
198232	12
224582	12
87074	12
40264	12
77921	12
68275	12
78601	12
49339	12
45076	12
243057	12
198412	12
209176	12
288553	12
95095	12
156146	12
201132	12
15468	12
77680	12
91644	12
147759	12
110618	12
286700	12
16890	12
220528	12
21597	12
62710	12
24068	12
227868	12
290321	12
129108	12
44523	12
215380	12
44031	12
220555	12
136250	12
296121	12
86323	12
141344	12
35776	12
231517	12
39134	12
193004	12
174263	12
189788	12
109029	12
7376	12
141797	12
203642	12
71905	12
290703	12
294422	12
53710	12
36517	12
163007	12
245749	12
72931	12
224894	12
292433	12
259634	12
32302	12
86103	12
145206	12
192170	12
224541	12
208899	12
226671	12
24092	12
172994	12
289874	12
55063	12
50662	12
228109	12
35454	12
3902	12
140182	12
235345	12
295729	12
68935	12
100223	12
269797	12
39483	12
237149	12
50503	12
62902	12
236137	12
293907	12
208367	12
117641	12
92611	12
266486	12
277530	12
39638	12
78934	12
247186	12
247652	12
290216	12
101282	12
71894	12
150734	12
171061	12
80494	12
239576	12
291431	12
88861	12
294472	12
4561	12
227632	12
290151	12
291336	12
55939	12
249926	12
8594	12
65903	12
12336	12
142650	12
268134	12
35384	12
180472	12
60221	12
14774	12
77513	12
154688	12
213293	12
274355	12
181233	12
258353	12
25796	12
33250	12
67497	12
88748	12
192615	12
242178	12
23888	12
213482	12
135018	12
276883	12
231082	12
200217	12
99045	12
40973	12
157476	12
188630	12
103734	12
34989	12
253873	12
221911	12
231899	12
36455	12
68962	12
251817	12
280262	12
35090	12
72652	12
71626	12
111057	12
282922	12
141878	12
239670	12
128862	12
122558	12
189225	12
83911	12
1765	12
36951	12
90115	12
157125	12
209949	12
24541	12
72476	12
247644	12
142923	12
248014	12
7781	12
189148	12
147810	12
136205	12
93396	12
61278	12
247183	12
208340	12
40042	12
39608	12
266803	12
170629	12
207961	12
160545	12
155057	12
286492	12
61919	12
258257	12
246287	12
179015	12
80464	12
8308	12
150322	12
72195	12
104107	12
179280	12
184598	12
226717	12
89261	12
263927	12
203899	12
139626	12
44158	12
191927	12
203019	12
47533	12
141311	12
135002	12
14991	12
182534	12
227170	12
217968	12
249358	12
206896	12
267758	12
205202	12
38904	12
286618	12
45957	12
221815	12
224764	12
190069	12
243833	12
15538	12
59079	12
77530	12
151457	12
218280	12
49131	12
129304	12
96694	12
295399	12
198689	12
50285	12
216589	12
69159	12
2485	12
5884	12
94223	12
12643	12
178126	12
156900	12
188257	12
25850	12
79248	12
113693	12
193697	12
207590	12
81359	12
264258	12
44613	12
199664	12
162482	12
8199	12
238398	12
293744	12
