34.0073979106 245.130716529
(7,0.531631272384)	(12,0.717400092803)	(16,72.8229838365)	(23,88.10476893)	(33,1.1490932269)	(35,72.8229838365)	(49,79.8453351059)	(61,72.8229838365)	
119991	6
278	6
52734	6
126287	6
270137	6
11573	6
51533	6
150556	6
196644	6
228323	6
281933	6
145914	6
143758	6
247889	6
71315	6
176668	6
172354	6
147453	6
44346	6
223586	6
254045	6
140294	6
44975	6
228802	6
193430	6
181990	6
48812	6
247368	6
251983	6
98220	6
81554	6
45554	6
6684	6
132219	6
260222	6
79795	6
129619	6
93629	6
181899	6
251411	6
246147	6
15810	6
147754	6
40931	6
147017	6
203892	6
231682	6
125123	6
121686	6
268114	6
226592	6
39258	6
208332	6
198453	6
260037	6
168094	6
227586	6
118602	6
21026	6
293174	6
185433	6
121736	6
174271	6
11155	6
83567	6
252872	6
289340	6
238630	6
54152	6
248295	6
62298	6
280310	6
267245	6
81403	6
218963	6
200232	6
253885	6
285158	6
189818	6
288658	6
46275	6
124727	6
252842	6
131000	6
30339	6
207251	6
76948	6
197655	6
181991	6
37208	6
131079	6
101461	6
53369	6
185256	6
262492	6
231126	6
83892	6
35156	6
241389	6
58522	6
277744	6
98412	6
87470	6
149713	6
146554	6
141670	6
230327	6
208409	6
52205	6
271584	6
122479	6
284535	6
113822	6
83751	6
221721	6
286524	6
14975	6
93242	6
189890	6
272145	6
16555	6
140130	6
186943	6
216716	6
143614	6
225909	6
39145	6
240892	6
74322	6
45151	6
129870	6
39318	6
119705	6
279261	6
70818	6
266849	6
127928	6
224407	6
124770	6
76867	6
33495	6
56894	6
137932	6
219991	6
104071	6
121588	6
168891	6
77730	6
274064	6
77547	6
93651	6
248590	6
139911	6
54428	6
270845	6
91203	6
65082	6
106979	6
11966	6
230092	6
151975	6
266020	6
46517	6
1153	6
40766	6
144362	6
204918	6
225638	6
39564	6
34620	6
60870	6
231051	6
281045	6
271103	6
129774	6
26511	6
83594	6
88649	6
261652	6
224004	6
94352	6
27134	6
163145	6
213891	6
139524	6
223922	6
125136	6
351	6
33166	6
183389	6
38202	6
221137	6
237978	6
144270	6
35348	6
224040	6
247717	6
113915	6
246044	6
25194	6
256302	6
195593	6
15513	6
172459	6
220750	6
220754	6
159056	6
145985	6
209030	6
237787	6
163718	6
213622	6
22443	6
253190	6
181404	6
18903	6
8213	6
157472	6
17397	6
97542	6
203429	6
39107	6
102848	6
172775	6
269925	6
207608	6
32649	6
39006	6
183050	6
140091	6
67661	6
87375	6
168101	6
258954	6
160871	6
52966	6
3583	6
69872	6
82941	6
256471	6
184701	6
274422	6
290617	6
228706	6
269679	6
252347	6
284223	6
89580	6
250231	6
269110	6
152908	6
163207	6
280087	6
192878	6
266375	6
26248	6
164750	6
21191	6
174706	6
160686	6
152009	6
192715	6
72234	6
33589	6
158209	6
210657	6
62701	6
88756	6
204199	6
232334	6
134720	6
251913	6
260553	6
284128	6
77707	6
153990	6
181742	6
261499	6
140305	6
11893	6
208739	6
262977	6
87959	6
137387	6
114461	6
230927	6
296435	6
