0.0988980542529 673.793955161
(14,753.661344389)	(33,1.65138306235)	(59,749.005748808)	
104449	4
165354	4
52464	4
261218	4
234511	4
123363	4
14721	4
163745	4
28362	4
234551	4
28968	4
200048	4
119454	4
166236	4
62508	4
194000	4
83912	4
13261	4
78011	4
24397	4
156828	4
119032	4
181701	4
13188	4
241568	4
272603	4
99155	4
1973	4
108935	4
11968	4
257417	4
204202	4
58673	4
291459	4
213695	4
19348	4
203049	4
253369	4
53360	4
48683	4
1946	4
278700	4
31315	4
15106	4
258935	4
195814	4
258104	4
31485	4
188579	4
49217	4
251990	4
247359	4
269210	4
289933	4
29435	4
66948	4
241223	4
245106	4
239516	4
12262	4
219073	4
227069	4
8264	4
123082	4
109239	4
258867	4
278762	4
100218	4
117816	4
296443	4
287672	4
224824	4
162306	4
247579	4
237789	4
137155	4
41059	4
255473	4
157562	4
292832	4
227937	4
166258	4
281627	4
95186	4
28443	4
213710	4
267771	4
15216	4
241928	4
16437	4
292173	4
146766	4
198729	4
90376	4
131944	4
184342	4
141749	4
105204	4
80885	4
71849	4
164124	4
184203	4
162984	4
32772	4
109899	4
186230	4
54615	4
14167	4
275008	4
168854	4
72743	4
272328	4
185785	4
86652	4
79926	4
18628	4
274832	4
45734	4
271048	4
266527	4
226839	4
243904	4
93665	4
196284	4
140755	4
266093	4
271307	4
75391	4
235556	4
197485	4
265816	4
208996	4
238115	4
174275	4
44878	4
258500	4
91928	4
140166	4
287517	4
153571	4
124977	4
139395	4
218944	4
112781	4
230357	4
263641	4
102735	4
13034	4
29013	4
129673	4
81002	4
35229	4
47277	4
236377	4
218009	4
168704	4
137472	4
290728	4
180361	4
261105	4
39927	4
64451	4
251393	4
208430	4
171457	4
290646	4
77576	4
188189	4
215335	4
235351	4
78490	4
64998	4
189955	4
38748	4
88826	4
81623	4
55165	4
291506	4
259652	4
22901	4
187881	4
99082	4
198144	4
199569	4
89946	4
121618	4
252543	4
58544	4
171439	4
19576	4
139101	4
292477	4
140844	4
197303	4
122008	4
109472	4
276574	4
142947	4
216914	4
92348	4
194074	4
134304	4
246595	4
173903	4
163465	4
285110	4
124482	4
167533	4
137741	4
5666	4
262049	4
26185	4
48606	4
82363	4
80646	4
102608	4
17404	4
67159	4
30713	4
74797	4
48901	4
102969	4
24424	4
92362	4
70573	4
32434	4
210462	4
38713	4
271063	4
125614	4
264069	4
79062	4
37886	4
133293	4
205572	4
250109	4
163858	4
56533	4
69104	4
287048	4
224689	4
222719	4
22703	4
163685	4
289752	4
161579	4
139127	4
264216	4
290097	4
269884	4
100556	4
94931	4
156551	4
122314	4
129621	4
230828	4
224722	4
57963	4
252833	4
24723	4
237308	4
116810	4
227723	4
154179	4
162044	4
247237	4
248081	4
37073	4
334	4
123757	4
154997	4
59396	4
268379	4
288100	4
225934	4
126329	4
262144	4
104534	4
167779	4
205150	4
105043	4
58126	4
99068	4
202212	4
252129	4
76067	4
87092	4
241716	4
150438	4
266254	4
104435	4
124491	4
81872	4
219371	4
179314	4
49645	4
258488	4
18067	4
178227	4
226247	4
186770	4
72913	4
228418	4
28958	4
278103	4
132625	4
228894	4
64477	4
292136	4
49740	4
59701	4
86785	4
237326	4
280100	4
109689	4
59459	4
239236	4
2403	4
66527	4
186741	4
98863	4
288795	4
132580	4
209266	4
205103	4
46107	4
81524	4
129614	4
61980	4
10607	4
243022	4
274796	4
208889	4
227547	4
194922	4
13731	4
290	4
116783	4
29020	4
147051	4
189109	4
28988	4
25059	4
113212	4
56826	4
43802	4
260866	4
125411	4
15878	4
203151	4
281935	4
67758	4
294267	4
263610	4
264088	4
38699	4
140634	4
76455	4
36006	4
231918	4
162692	4
18891	4
186122	4
83459	4
66362	4
122238	4
26300	4
272159	4
257675	4
157836	4
291404	4
7267	4
289377	4
226828	4
65680	4
140995	4
162595	4
2501	4
5931	4
269087	4
208969	4
230056	4
39490	4
136253	4
109093	4
181545	4
287403	4
280824	4
82571	4
153735	4
152862	4
101475	4
163765	4
1759	4
182153	4
156387	4
217536	4
103024	4
11801	4
171700	4
170255	4
211080	4
155445	4
208345	4
112677	4
180920	4
262309	4
294388	4
268130	4
210111	4
261560	4
104353	4
191773	4
62591	4
179018	4
90712	4
18213	4
99593	4
280095	4
284433	4
170637	4
266969	4
116732	4
162313	4
140241	4
210384	4
281715	4
176143	4
204015	4
90161	4
224484	4
171469	4
237358	4
179739	4
1302	4
147626	4
73971	4
77698	4
282448	4
95540	4
184595	4
227386	4
273497	4
210397	4
190248	4
138116	4
18235	4
37067	4
156541	4
271460	4
31472	4
180043	4
28636	4
124838	4
145974	4
36895	4
209005	4
112291	4
165345	4
237376	4
72154	4
59391	4
288631	4
19193	4
220611	4
277040	4
263470	4
217914	4
109800	4
107914	4
221058	4
42980	4
131919	4
255853	4
6105	4
42799	4
280338	4
86179	4
287582	4
103961	4
100348	4
170552	4
223690	4
203744	4
82430	4
263647	4
208983	4
284020	4
252614	4
183648	4
287223	4
114334	4
236216	4
193388	4
156897	4
58510	4
132635	4
173034	4
39119	4
295844	4
161198	4
228822	4
194745	4
18136	4
123485	4
239911	4
264229	4
276842	4
227783	4
277711	4
277485	4
210792	4
122763	4
179631	4
62886	4
157675	4
272198	4
7073	4
216026	4
109283	4
215302	4
173880	4
221554	4
231270	4
281642	4
179680	4
48428	4
198577	4
168457	4
234567	4
132793	4
155471	4
93121	4
124286	4
13338	4
208322	4
175891	4
186123	4
293825	4
83450	4
137848	4
116610	4
38175	4
144367	4
88727	4
289484	4
140716	4
223493	4
240353	4
252088	4
136542	4
188374	4
123265	4
11347	4
214561	4
116346	4
124130	4
53778	4
13095	4
182084	4
110436	4
130320	4
239393	4
86066	4
213418	4
211016	4
40464	4
59358	4
93491	4
199013	4
2795	4
105171	4
187591	4
45966	4
844	4
249534	4
251889	4
223916	4
158814	4
137574	4
122666	4
91578	4
282764	4
189610	4
276697	4
901	4
48644	4
29061	4
223000	4
28592	4
268917	4
273096	4
197943	4
89315	4
69249	4
17239	4
185401	4
246971	4
44532	4
230224	4
122521	4
147032	4
154960	4
243194	4
37545	4
88532	4
186747	4
124839	4
270035	4
134801	4
38449	4
95765	4
228153	4
163481	4
245505	4
226357	4
268342	4
145481	4
32410	4
185782	4
260812	4
36087	4
6023	4
22536	4
46602	4
197037	4
185319	4
73761	4
130540	4
178096	4
1466	4
296138	4
100622	4
141881	4
21577	4
81175	4
34966	4
246078	4
54630	4
119435	4
57020	4
132577	4
147797	4
38786	4
132317	4
130294	4
89517	4
87788	4
66495	4
142141	4
12386	4
2665	4
49966	4
19286	4
132586	4
92203	4
112584	4
240843	4
59660	4
105108	4
161843	4
286795	4
278255	4
175473	4
237621	4
263185	4
113785	4
178333	4
168875	4
91017	4
24220	4
164080	4
83119	4
283688	4
