0.410499453025 305.848466006
(15,0.689115012552)	(24,101.611526471)	(33,0.76606215127)	(66,0.121745126005)	
151959	20
221782	20
238278	20
254441	20
80100	20
265584	20
170921	20
72457	20
147512	20
233345	20
141217	20
211330	20
246684	20
37573	20
148508	20
281667	20
129893	20
129291	20
163550	20
254867	20
106270	20
58754	20
93816	20
221988	20
4400	20
85002	20
212616	20
145819	20
38972	20
297112	20
175166	20
30002	20
29646	20
91946	20
254742	20
215143	20
233213	20
237158	20
38226	20
251675	20
17131	20
251301	20
254823	20
297075	20
129800	20
61664	20
145536	20
127613	20
32945	20
127561	20
252397	20
63617	20
60533	20
2374	20
169408	20
12349	20
105143	20
154516	20
87682	20
29462	20
293350	20
106003	20
21769	20
3144	20
127334	20
82274	20
88269	20
191223	20
233657	20
41183	20
244350	20
160696	20
65417	20
51869	20
20696	20
62265	20
212054	20
193885	20
228293	20
145932	20
289785	20
64709	20
169571	20
297360	20
97365	20
212064	20
4728	20
83863	20
128042	20
71743	20
212486	20
253391	20
19352	20
74915	20
20389	20
294088	20
146929	20
221048	20
51635	20
261264	20
212262	20
169496	20
233414	20
157574	20
101726	20
110993	20
257438	20
297100	20
98045	20
274631	20
63249	20
183597	20
35116	20
68150	20
204870	20
138458	20
33576	20
68301	20
211872	20
124558	20
171448	20
144563	20
276215	20
260591	20
99565	20
29711	20
47269	20
47733	20
221013	20
90175	20
212176	20
191147	20
136409	20
117714	20
34731	20
270789	20
210831	20
17923	20
169526	20
127542	20
126934	20
277421	20
65434	20
169737	20
212323	20
61962	20
195482	20
191240	20
295771	20
20507	20
4496	20
20183	20
282890	20
30274	20
287220	20
268946	20
233054	20
275777	20
294710	20
53637	20
274486	20
105818	20
149930	20
41831	20
127084	20
254678	20
275767	20
60834	20
63637	20
101840	20
136107	20
289001	20
233376	20
290234	20
63259	20
14983	20
289926	20
86715	20
12448	20
80713	20
208176	20
189642	20
90132	20
78242	20
211480	20
233310	20
4341	20
204859	20
81721	20
169569	20
259790	20
43569	20
42315	20
294090	20
148876	20
264444	20
126586	20
174145	20
188223	20
3595	20
9892	20
60881	20
297213	20
19683	20
169543	20
277790	20
274320	20
89071	20
161741	20
254977	20
222855	20
191373	20
175692	20
258357	20
142346	20
268282	20
246444	20
275833	20
53384	20
42878	20
30101	20
87147	20
84898	20
188300	20
84946	20
211981	20
62726	20
291817	20
274760	20
10279	20
148371	20
237624	20
169873	20
101138	20
212049	20
20259	20
143511	20
148402	20
20260	20
248803	20
225712	20
289497	20
41614	20
28574	20
190788	20
216677	20
6434	20
155691	20
286056	20
21894	20
20457	20
85001	20
297528	20
171073	20
233229	20
266490	20
214284	20
63654	20
3950	20
169784	20
129771	20
284348	20
126583	20
127184	20
42310	20
61915	20
33369	20
83340	20
258222	20
47906	20
86606	20
168747	20
50317	20
124996	20
252839	20
42080	20
161942	20
274237	20
71103	20
169520	20
28484	20
261965	20
165735	20
297450	20
174236	20
289585	20
22280	20
12988	20
83652	20
224504	20
148594	20
78438	20
31987	20
176274	20
212484	20
284087	20
232778	20
253995	20
293915	20
254437	20
169865	20
32054	20
191277	20
127225	20
215131	20
204252	20
159927	20
