0.859145084063 686.140854916
(33,0.581842443464)	(60,152.737285641)	
188405	10
231673	10
209454	10
7027	10
23903	10
104131	10
4840	10
220929	10
71571	10
294540	10
128142	10
177894	10
191850	10
7070	10
97841	10
39179	10
181572	10
164991	10
163756	10
61853	10
67598	10
250368	10
289861	10
277587	10
183695	10
186937	10
121949	10
153719	10
173814	10
90062	10
32938	10
10439	10
141536	10
263807	10
40302	10
213848	10
76516	10
86726	10
537	10
219662	10
112688	10
199960	10
200149	10
31401	10
147888	10
199025	10
135157	10
29787	10
167129	10
168832	10
25880	10
176365	10
221188	10
118765	10
279736	10
172695	10
21501	10
291316	10
27617	10
107488	10
50000	10
241029	10
144504	10
281739	10
112679	10
96859	10
230160	10
40049	10
48005	10
239808	10
71892	10
7690	10
66067	10
4927	10
282028	10
218108	10
17782	10
13041	10
208336	10
162687	10
295965	10
203306	10
39539	10
269504	10
186586	10
268666	10
219095	10
154578	10
176413	10
152613	10
160296	10
117610	10
24335	10
37616	10
204512	10
235875	10
113557	10
212999	10
102829	10
176268	10
204655	10
185406	10
294584	10
11021	10
123154	10
104474	10
141028	10
160612	10
289634	10
282631	10
151010	10
140009	10
200329	10
94192	10
219280	10
294409	10
152213	10
436	10
202756	10
83206	10
126548	10
215297	10
188441	10
167226	10
106797	10
224042	10
132602	10
165084	10
183817	10
225056	10
91322	10
257615	10
281335	10
168678	10
167437	10
37920	10
226611	10
34752	10
111506	10
141697	10
119551	10
119133	10
195560	10
120267	10
59601	10
277657	10
195234	10
157531	10
190101	10
270906	10
286675	10
117207	10
162139	10
51241	10
282389	10
204758	10
225034	10
68245	10
80139	10
133362	10
39816	10
278227	10
145279	10
147475	10
46582	10
194930	10
93126	10
144702	10
181002	10
99304	10
203423	10
291125	10
76707	10
26320	10
183185	10
30266	10
186797	10
28227	10
111331	10
38293	10
176167	10
144655	10
49061	10
32939	10
58078	10
87650	10
16421	10
267895	10
207286	10
7075	10
17592	10
224425	10
163069	10
165610	10
220443	10
113097	10
78098	10
66541	10
133738	10
258299	10
132687	10
143812	10
268050	10
92674	10
139040	10
137442	10
153691	10
161126	10
274392	10
217108	10
201086	10
62022	10
100493	10
220469	10
14782	10
288180	10
80831	10
218509	10
158841	10
275081	10
119486	10
209958	10
30634	10
126017	10
9640	10
151198	10
166422	10
256781	10
62927	10
258585	10
122989	10
15701	10
213005	10
202630	10
50210	10
226232	10
90197	10
217535	10
272479	10
113574	10
29643	10
65041	10
56634	10
217157	10
87931	10
112645	10
157112	10
223741	10
59176	10
6573	10
36360	10
186161	10
2418	10
88866	10
120103	10
125728	10
194562	10
246623	10
135798	10
59503	10
126026	10
67520	10
182914	10
229242	10
155767	10
289600	10
217175	10
231773	10
99796	10
19684	10
49869	10
59536	10
83359	10
146882	10
289891	10
230011	10
257540	10
15671	10
57831	10
186183	10
282393	10
179761	10
142437	10
97905	10
29874	10
51316	10
252015	10
268403	10
132092	10
206421	10
101407	10
327	10
57732	10
13699	10
180062	10
61218	10
265695	10
204672	10
5114	10
25012	10
288526	10
83023	10
116490	10
210040	10
86154	10
250596	10
45191	10
282986	10
87214	10
103625	10
64837	10
216172	10
245266	10
98423	10
251775	10
99334	10
260955	10
64262	10
280122	10
113211	10
76610	10
5312	10
209226	10
181436	10
242771	10
241275	10
55961	10
105119	10
203307	10
140501	10
279625	10
57853	10
99697	10
137244	10
156708	10
197822	10
47575	10
197916	10
166497	10
46253	10
171729	10
225435	10
77381	10
280863	10
261722	10
267104	10
124320	10
24081	10
21727	10
231280	10
135641	10
34237	10
218357	10
276692	10
210461	10
129684	10
154433	10
219062	10
13609	10
40168	10
253891	10
215116	10
166050	10
70721	10
223544	10
32468	10
76338	10
229418	10
211295	10
35133	10
238078	10
258450	10
291978	10
16893	10
282134	10
28777	10
228105	10
188519	10
153696	10
247388	10
107730	10
13292	10
193379	10
278885	10
56048	10
181286	10
146926	10
123725	10
184285	10
161280	10
114266	10
76194	10
290263	10
200833	10
103824	10
123123	10
247267	10
163790	10
263030	10
24012	10
235640	10
293914	10
49361	10
160852	10
19629	10
193403	10
173399	10
102038	10
134938	10
70116	10
231925	10
65198	10
12307	10
102993	10
40928	10
256492	10
182621	10
77878	10
292971	10
82467	10
219457	10
74862	10
205210	10
45493	10
61907	10
203847	10
78233	10
272726	10
167923	10
34912	10
82830	10
83378	10
153511	10
229388	10
182988	10
293947	10
114507	10
22177	10
207946	10
141237	10
208749	10
79528	10
284244	10
1218	10
38332	10
230683	10
161671	10
263445	10
60438	10
112251	10
134484	10
225173	10
286233	10
136244	10
60153	10
93454	10
113609	10
111089	10
123192	10
8925	10
272494	10
258432	10
171106	10
123930	10
145075	10
187594	10
6057	10
170880	10
121349	10
201553	10
76280	10
246567	10
91764	10
226356	10
113937	10
245405	10
39029	10
150820	10
180238	10
257279	10
60423	10
199508	10
292269	10
271561	10
33838	10
222446	10
240666	10
158891	10
276	10
271877	10
205540	10
167541	10
142849	10
25811	10
25477	10
272708	10
74291	10
157678	10
191719	10
140568	10
16471	10
56927	10
70299	10
280631	10
34981	10
79649	10
463	10
192978	10
24434	10
201799	10
129998	10
184524	10
122146	10
153142	10
78088	10
290685	10
80902	10
68566	10
171182	10
108753	10
34149	10
237939	10
197491	10
294143	10
289646	10
138045	10
292794	10
102008	10
222663	10
155031	10
114160	10
187740	10
29384	10
279999	10
159541	10
227448	10
234466	10
266159	10
248241	10
166587	10
218806	10
256358	10
222793	10
265110	10
93442	10
73718	10
163269	10
184239	10
287091	10
77031	10
241372	10
118797	10
75316	10
112683	10
232020	10
200595	10
112841	10
168527	10
102624	10
234624	10
276815	10
163665	10
93976	10
202841	10
72876	10
95350	10
161146	10
286272	10
270934	10
204339	10
252963	10
163306	10
204861	10
1134	10
285592	10
97806	10
277243	10
66723	10
1105	10
72418	10
52485	10
151039	10
158249	10
250204	10
53099	10
164552	10
193451	10
268791	10
91435	10
40864	10
124282	10
186149	10
50537	10
229929	10
229903	10
8836	10
55501	10
14968	10
46314	10
62914	10
295522	10
241534	10
179019	10
51170	10
222331	10
259140	10
171271	10
53741	10
76685	10
56535	10
81399	10
99567	10
34081	10
215399	10
133804	10
197208	10
224845	10
12320	10
12939	10
286755	10
61119	10
111930	10
60220	10
147887	10
266339	10
230488	10
201563	10
77552	10
277153	10
68501	10
243198	10
56742	10
67045	10
149687	10
211	10
183014	10
262524	10
287811	10
277074	10
246618	10
161429	10
213902	10
240414	10
229226	10
149409	10
289167	10
293003	10
215452	10
247143	10
70719	10
11703	10
218749	10
95754	10
37916	10
71859	10
143865	10
287770	10
30351	10
95538	10
161924	10
39125	10
200425	10
68255	10
76047	10
160282	10
72582	10
86875	10
171226	10
89896	10
174232	10
296655	10
24343	10
60970	10
140507	10
263017	10
122741	10
112373	10
289462	10
183425	10
153958	10
172546	10
161919	10
93402	10
260063	10
160242	10
259614	10
77549	10
