46.4269786728 416.971961352
(33,0.76606215127)	(55,83.6094436074)	(58,134.046906986)	
166809	19
150501	19
282640	19
159515	19
154714	19
159708	19
174248	19
60234	19
248398	19
98857	19
114178	19
61390	19
270667	19
28649	19
231747	19
76945	19
28898	19
75188	19
141077	19
176220	19
85752	19
107130	19
272153	19
156680	19
144944	19
46186	19
174873	19
187651	19
21431	19
221302	19
216292	19
33775	19
28425	19
4075	19
3801	19
236621	19
195674	19
101055	19
28281	19
186656	19
273370	19
231549	19
58251	19
32260	19
21743	19
261791	19
93553	19
160968	19
44531	19
142120	19
126175	19
133267	19
243997	19
294283	19
87105	19
62676	19
112730	19
96279	19
15609	19
167420	19
182634	19
173326	19
208127	19
271303	19
15199	19
179654	19
185091	19
274186	19
209018	19
248710	19
242583	19
203016	19
251460	19
107831	19
87066	19
293691	19
82322	19
77155	19
206846	19
186775	19
255433	19
50440	19
190057	19
131795	19
292292	19
133069	19
157243	19
176871	19
143826	19
230335	19
55678	19
266299	19
103387	19
203492	19
168069	19
61549	19
226116	19
70158	19
204369	19
95663	19
38688	19
229621	19
110817	19
55469	19
56147	19
244130	19
141675	19
178279	19
23011	19
91397	19
5076	19
103471	19
122290	19
72127	19
156675	19
35632	19
56693	19
150927	19
86616	19
150523	19
82515	19
260662	19
249887	19
274128	19
8417	19
66452	19
184703	19
121782	19
126251	19
291542	19
66084	19
46860	19
251821	19
215472	19
153101	19
283651	19
97974	19
62079	19
119741	19
118085	19
162732	19
95370	19
224836	19
15679	19
65478	19
53880	19
295933	19
215744	19
230150	19
271056	19
136531	19
280203	19
79325	19
139505	19
251704	19
143746	19
284157	19
109160	19
204764	19
46266	19
261329	19
249671	19
116528	19
102419	19
92515	19
256756	19
136373	19
55697	19
196850	19
239791	19
226702	19
262302	19
241341	19
65221	19
107513	19
82150	19
39282	19
136171	19
38959	19
128253	19
242120	19
56586	19
269181	19
181591	19
222874	19
72315	19
128899	19
155424	19
80754	19
31185	19
68554	19
22563	19
87153	19
255920	19
119011	19
191727	19
205781	19
220353	19
238235	19
47445	19
277959	19
37745	19
5158	19
220627	19
185209	19
120507	19
192700	19
136566	19
141407	19
184729	19
44844	19
210435	19
101252	19
78102	19
161070	19
17026	19
150368	19
495	19
3422	19
123906	19
50720	19
174447	19
158427	19
204030	19
17978	19
208988	19
258303	19
251995	19
138421	19
81267	19
47632	19
179156	19
279777	19
18148	19
178599	19
96960	19
234176	19
156479	19
72891	19
157726	19
294586	19
71887	19
3344	19
272281	19
61077	19
162115	19
247331	19
196541	19
39340	19
256760	19
228589	19
219413	19
164984	19
102171	19
105282	19
75876	19
76565	19
143547	19
195517	19
85938	19
182759	19
250609	19
83864	19
231442	19
39076	19
31520	19
182045	19
292135	19
164588	19
86001	19
77863	19
249672	19
252922	19
232829	19
117199	19
101790	19
252975	19
67314	19
206545	19
71898	19
140960	19
291435	19
289698	19
213864	19
51687	19
55157	19
160346	19
279617	19
210762	19
122270	19
234618	19
88872	19
60034	19
183824	19
94613	19
278203	19
218667	19
237134	19
199294	19
37913	19
200815	19
231374	19
182481	19
196228	19
274809	19
172587	19
61279	19
164063	19
67776	19
162582	19
292360	19
58895	19
274997	19
258757	19
108182	19
122245	19
117487	19
129468	19
141141	19
159676	19
289588	19
56596	19
192488	19
115474	19
34093	19
236519	19
274346	19
139920	19
268945	19
1962	19
215879	19
13186	19
80209	19
285324	19
23897	19
266943	19
258425	19
271208	19
112578	19
263467	19
159049	19
172231	19
162375	19
287502	19
74659	19
69525	19
239712	19
171797	19
241215	19
82707	19
274901	19
141993	19
268643	19
164642	19
126266	19
69861	19
58267	19
129520	19
189759	19
205615	19
73273	19
124259	19
40965	19
228588	19
154872	19
246904	19
118894	19
147483	19
168523	19
185108	19
55325	19
236499	19
278088	19
203532	19
1853	19
128394	19
60620	19
35666	19
223686	19
147069	19
192104	19
76515	19
28062	19
241835	19
144604	19
103533	19
287136	19
173570	19
83186	19
141593	19
122240	19
6838	19
109203	19
217322	19
128974	19
226919	19
5916	19
58432	19
295210	19
178247	19
209794	19
35389	19
177552	19
292251	19
252394	19
284278	19
7907	19
130580	19
220971	19
231832	19
291081	19
179752	19
43810	19
214046	19
247576	19
172014	19
141715	19
128794	19
118054	19
440	19
129999	19
210266	19
165520	19
39860	19
99211	19
3910	19
100785	19
174984	19
29340	19
108594	19
160840	19
206265	19
104666	19
251139	19
36061	19
60691	19
161722	19
283316	19
87366	19
209923	19
176906	19
238408	19
171770	19
114429	19
240546	19
146978	19
288832	19
147591	19
196412	19
230242	19
252541	19
118911	19
217887	19
18582	19
84033	19
24615	19
189395	19
32960	19
189203	19
262410	19
104125	19
51835	19
291834	19
99677	19
190010	19
