186.054226691 567.159132041
(2,0.493094400736)	(7,0.579961388055)	(10,93.4422607364)	(15,0.455955797779)	(33,1.46828578993)	(45,151.250954098)	(47,82.6153137947)	(62,2.14305987513)	(65,139.178385892)	(76,0.756100021054)	(79,91.301909201)	(81,75.364580228)	
61453	15
248444	15
79979	15
230735	15
267407	15
151784	15
201164	15
247867	15
114431	15
36703	15
158549	15
2811	15
100539	15
121417	15
220240	15
138042	15
23774	15
146094	15
179632	15
165475	15
211420	15
157016	15
263771	15
293794	15
155775	15
211200	15
286712	15
34132	15
101169	15
286200	15
111696	15
57643	15
230894	15
50457	15
289308	15
75197	15
166805	15
160425	15
116433	15
246811	15
87040	15
176383	15
38983	15
119612	15
251158	15
44849	15
160270	15
289911	15
239066	15
78730	15
102779	15
3629	15
252098	15
228002	15
60641	15
207229	15
101374	15
32246	15
271839	15
200431	15
97056	15
221337	15
162351	15
186252	15
109068	15
252164	15
62232	15
77902	15
259293	15
27712	15
228011	15
216920	15
221922	15
139337	15
161332	15
130208	15
3618	15
87233	15
116626	15
145532	15
40746	15
230821	15
185525	15
26841	15
62755	15
52143	15
50211	15
5667	15
225610	15
110981	15
166478	15
111111	15
189972	15
276904	15
107475	15
36040	15
71416	15
114080	15
275040	15
136567	15
283957	15
185316	15
204509	15
145172	15
205506	15
7975	15
251701	15
235259	15
164753	15
67525	15
218557	15
206976	15
35391	15
25839	15
84272	15
217772	15
154660	15
140805	15
64681	15
249612	15
86739	15
39049	15
219932	15
33425	15
271127	15
5883	15
247135	15
209357	15
33595	15
96561	15
149824	15
294481	15
89767	15
154141	15
10879	15
51977	15
258643	15
248127	15
205559	15
184683	15
36934	15
59744	15
98185	15
32512	15
66171	15
122359	15
147840	15
129817	15
224958	15
38451	15
173252	15
126544	15
193823	15
82	15
263906	15
87808	15
293211	15
68982	15
101356	15
252821	15
45327	15
207540	15
220730	15
208026	15
161268	15
2125	15
260082	15
210801	15
251352	15
145055	15
220842	15
218801	15
15443	15
72664	15
201634	15
171197	15
140654	15
34837	15
270854	15
210364	15
94516	15
180481	15
13579	15
22687	15
278102	15
91010	15
75320	15
88250	15
242172	15
209054	15
163015	15
99865	15
205195	15
161707	15
225078	15
151322	15
163125	15
194804	15
6305	15
291150	15
99087	15
39328	15
180139	15
219738	15
3193	15
66694	15
7611	15
96384	15
12704	15
12252	15
201121	15
266449	15
13549	15
64293	15
58113	15
238503	15
135413	15
282641	15
291605	15
223327	15
194812	15
111943	15
1752	15
102491	15
145465	15
111547	15
296204	15
61526	15
244359	15
55583	15
190290	15
266809	15
290255	15
36203	15
100196	15
3871	15
58445	15
28389	15
285547	15
130627	15
280777	15
160420	15
178906	15
196696	15
153057	15
35853	15
274345	15
207440	15
102932	15
117619	15
215670	15
271904	15
80170	15
167065	15
227671	15
162615	15
137990	15
53354	15
37851	15
85670	15
180787	15
262333	15
68932	15
237223	15
82727	15
101102	15
86886	15
27407	15
100769	15
15020	15
118805	15
183548	15
5679	15
225332	15
58773	15
182701	15
154614	15
181069	15
123753	15
200298	15
197884	15
174146	15
62848	15
294215	15
78241	15
283365	15
135581	15
121571	15
249172	15
6238	15
136979	15
203567	15
187805	15
19639	15
260757	15
191778	15
205451	15
200643	15
115684	15
101692	15
76250	15
107272	15
258888	15
175013	15
54117	15
11499	15
34920	15
200045	15
155705	15
204773	15
61885	15
57736	15
123087	15
242458	15
268094	15
34843	15
3703	15
129290	15
284456	15
268689	15
274424	15
171123	15
273591	15
244896	15
277164	15
1455	15
205231	15
112177	15
29889	15
107001	15
19723	15
294004	15
49674	15
104888	15
172773	15
207606	15
266571	15
52887	15
28819	15
212998	15
57105	15
126310	15
281169	15
43812	15
172852	15
130797	15
248342	15
46877	15
260432	15
210488	15
178762	15
160712	15
53725	15
206137	15
227950	15
51749	15
138384	15
208856	15
253690	15
133600	15
66574	15
207725	15
133734	15
70036	15
282937	15
171813	15
103074	15
14746	15
243930	15
33657	15
15183	15
288034	15
107175	15
184303	15
49704	15
256499	15
251278	15
181120	15
286498	15
93835	15
235966	15
278684	15
267437	15
158441	15
204359	15
103247	15
94188	15
229084	15
199433	15
222944	15
218282	15
265574	15
110908	15
2344	15
81894	15
101973	15
246850	15
238190	15
209367	15
215146	15
191886	15
102666	15
266399	15
171202	15
158232	15
116656	15
294365	15
87078	15
220397	15
112447	15
243699	15
271423	15
164099	15
129900	15
200621	15
12542	15
56234	15
283062	15
34681	15
9961	15
209460	15
52018	15
247691	15
124903	15
10733	15
36504	15
268168	15
145339	15
18870	15
145933	15
42773	15
114077	15
167105	15
289980	15
81138	15
156893	15
77618	15
265003	15
147877	15
267467	15
264080	15
115799	15
23123	15
285218	15
189361	15
56404	15
135379	15
24096	15
18846	15
178127	15
210429	15
54226	15
102849	15
35212	15
254847	15
277242	15
273699	15
111254	15
18929	15
17731	15
116105	15
56710	15
121763	15
80977	15
137687	15
230063	15
149691	15
279815	15
279738	15
154969	15
288639	15
32068	15
245870	15
113775	15
262770	15
62649	15
75249	15
244859	15
4381	15
33283	15
112457	15
101426	15
201416	15
31775	15
199809	15
180700	15
88991	15
143680	15
221065	15
172428	15
277318	15
102629	15
129024	15
133658	15
249838	15
112426	15
146324	15
280183	15
199980	15
166447	15
89945	15
67444	15
208064	15
231275	15
271860	15
73694	15
266635	15
74927	15
223845	15
174134	15
194688	15
288882	15
172529	15
17151	15
208349	15
3270	15
290362	15
153308	15
269069	15
28401	15
96729	15
193058	15
1980	15
117964	15
208802	15
196101	15
206769	15
180450	15
283454	15
227711	15
271033	15
162524	15
79968	15
227272	15
92318	15
125477	15
246992	15
32903	15
156022	15
131186	15
185044	15
118150	15
243960	15
111438	15
159319	15
207586	15
219839	15
76882	15
245816	15
172060	15
264695	15
37382	15
14147	15
200514	15
136741	15
173218	15
13032	15
103367	15
294591	15
239194	15
252254	15
157739	15
168809	15
214191	15
197036	15
261959	15
156365	15
113968	15
38930	15
141255	15
3124	15
41071	15
257954	15
173405	15
98262	15
180739	15
4477	15
27413	15
144160	15
293796	15
229366	15
104429	15
271415	15
82795	15
88506	15
244374	15
245001	15
279091	15
246570	15
238041	15
149743	15
126494	15
14910	15
249812	15
159885	15
7858	15
203623	15
165891	15
86979	15
176240	15
252175	15
151452	15
38912	15
178444	15
285351	15
210032	15
258821	15
166821	15
99496	15
21891	15
36473	15
109912	15
62326	15
115698	15
99694	15
187716	15
50738	15
205081	15
219718	15
54222	15
3973	15
130268	15
171371	15
151232	15
60751	15
194877	15
114491	15
213389	15
108968	15
230566	15
114932	15
189000	15
230629	15
103929	15
231662	15
151799	15
235143	15
122308	15
165363	15
180605	15
30729	15
215130	15
45853	15
76639	15
33834	15
193757	15
95416	15
48274	15
207591	15
201904	15
269977	15
100443	15
205922	15
77540	15
157740	15
126348	15
286009	15
213744	15
65559	15
258622	15
56405	15
125634	15
81759	15
198498	15
62868	15
146013	15
206100	15
98111	15
267277	15
223798	15
228504	15
224254	15
200003	15
146066	15
222968	15
289123	15
188565	15
140169	15
34957	15
188419	15
49801	15
29494	15
121708	15
292668	15
196654	15
164945	15
60938	15
243749	15
78399	15
17460	15
289273	15
137109	15
12108	15
361	15
48305	15
23360	15
246849	15
57103	15
184378	15
85795	15
23500	15
164145	15
267189	15
266616	15
19295	15
39028	15
98124	15
167342	15
195336	15
33941	15
134553	15
145782	15
204292	15
168703	15
207626	15
15941	15
224944	15
115299	15
292116	15
245466	15
80716	15
45885	15
172429	15
175608	15
201369	15
99134	15
131006	15
133057	15
261529	15
113547	15
90865	15
69137	15
12272	15
41096	15
69519	15
167931	15
271803	15
230893	15
49856	15
100374	15
144279	15
58458	15
243114	15
279780	15
217133	15
139406	15
8476	15
142589	15
139998	15
44789	15
94241	15
229424	15
247297	15
122024	15
34845	15
112900	15
112672	15
39204	15
129528	15
15196	15
158252	15
265356	15
167070	15
15066	15
81034	15
142707	15
216170	15
188129	15
122301	15
199246	15
268351	15
185939	15
139213	15
92715	15
292134	15
79785	15
149683	15
98164	15
208256	15
225161	15
269958	15
222898	15
190115	15
58836	15
207561	15
245732	15
211508	15
220386	15
292066	15
296264	15
143111	15
204155	15
64930	15
13965	15
119426	15
107793	15
100709	15
152614	15
97222	15
27809	15
187098	15
173251	15
72920	15
100266	15
203774	15
283925	15
120930	15
187300	15
126226	15
185896	15
131987	15
227945	15
119417	15
168589	15
219618	15
17257	15
188208	15
6452	15
87858	15
240410	15
140253	15
38319	15
103348	15
270736	15
65380	15
112315	15
200278	15
14177	15
6269	15
170922	15
252497	15
234314	15
94865	15
26680	15
120642	15
225051	15
221756	15
232363	15
215863	15
173170	15
79521	15
190274	15
186215	15
66613	15
186794	15
10748	15
188473	15
93473	15
136076	15
259571	15
62789	15
286746	15
25465	15
163287	15
294561	15
109153	15
159866	15
107627	15
195358	15
171745	15
281189	15
29490	15
111079	15
109863	15
95772	15
102066	15
79477	15
207446	15
152463	15
73105	15
267116	15
239502	15
161087	15
87313	15
217371	15
203576	15
227026	15
87177	15
246522	15
275285	15
82633	15
189364	15
65083	15
