15.4176870237 507.38919978
(8,0.734361535425)	(15,135.614060943)	(18,134.229645846)	(33,0.383031075635)	(67,126.690650973)	(73,131.151909107)	
241678	9
348	9
146018	9
290005	9
246132	9
143642	9
111304	9
194130	9
100957	9
185907	9
38631	9
99432	9
59829	9
208710	9
238542	9
175926	9
12253	9
270335	9
78266	9
285487	9
94813	9
184467	9
55007	9
6204	9
193504	9
116594	9
71768	9
154938	9
193315	9
145158	9
51151	9
39399	9
81716	9
139665	9
117580	9
11906	9
290575	9
183754	9
88184	9
182407	9
289968	9
104580	9
255345	9
259176	9
156271	9
61646	9
270379	9
124641	9
143660	9
51168	9
281115	9
79360	9
4952	9
58174	9
57809	9
34381	9
230168	9
31997	9
71683	9
17939	9
178987	9
234241	9
185370	9
226343	9
248505	9
188676	9
198659	9
38932	9
220891	9
170882	9
54479	9
237598	9
284075	9
156846	9
157889	9
137421	9
225027	9
171801	9
203328	9
276777	9
86924	9
141983	9
202217	9
234267	9
156947	9
239527	9
297732	9
54857	9
61611	9
265258	9
291811	9
95021	9
87152	9
213552	9
61978	9
58462	9
147813	9
296227	9
206279	9
140171	9
140179	9
21004	9
235390	9
16266	9
215851	9
162698	9
227555	9
158949	9
111843	9
157585	9
17651	9
182459	9
262298	9
226126	9
284553	9
226874	9
167739	9
52814	9
119051	9
159543	9
273029	9
11154	9
161917	9
219847	9
281792	9
10089	9
141546	9
28222	9
119143	9
241239	9
128459	9
57097	9
200489	9
59837	9
234402	9
26736	9
136629	9
67410	9
159419	9
267851	9
11969	9
206533	9
35462	9
195648	9
278486	9
185652	9
286469	9
107276	9
274936	9
167300	9
123285	9
76694	9
15851	9
170645	9
35471	9
39523	9
140053	9
153170	9
1716	9
141788	9
249132	9
249943	9
202678	9
216288	9
34335	9
131435	9
172508	9
3875	9
266636	9
132405	9
266126	9
120518	9
116379	9
43553	9
89542	9
167256	9
54236	9
278367	9
156797	9
114522	9
65038	9
231005	9
294471	9
60518	9
288896	9
203390	9
113286	9
281147	9
271139	9
209693	9
1204	9
279175	9
120684	9
257023	9
79884	9
140480	9
146716	9
251418	9
283956	9
174704	9
71435	9
258794	9
47139	9
117686	9
113718	9
236484	9
107791	9
178616	9
289972	9
127959	9
77990	9
183939	9
293742	9
139981	9
291876	9
177910	9
253669	9
103508	9
250394	9
274547	9
216374	9
147654	9
161658	9
184314	9
24451	9
81784	9
17080	9
17277	9
143838	9
159352	9
45256	9
47885	9
67241	9
8445	9
44075	9
130999	9
75361	9
98333	9
278828	9
123902	9
197196	9
170230	9
103005	9
90830	9
1293	9
262711	9
190122	9
226315	9
174788	9
292547	9
259959	9
39530	9
214920	9
112484	9
46867	9
81664	9
55755	9
261843	9
235284	9
124104	9
190033	9
3713	9
157249	9
226464	9
248745	9
78017	9
184054	9
292997	9
185273	9
143235	9
132064	9
257389	9
194015	9
9346	9
167318	9
147507	9
15117	9
191948	9
290753	9
174112	9
241571	9
195799	9
27369	9
200020	9
284293	9
25561	9
104106	9
224233	9
257828	9
215620	9
242336	9
79906	9
15926	9
225757	9
239925	9
205517	9
203036	9
274940	9
68005	9
49853	9
196691	9
44928	9
184106	9
231482	9
88726	9
257288	9
177144	9
140869	9
74264	9
5063	9
244095	9
177427	9
269065	9
164311	9
184003	9
18059	9
12538	9
80191	9
79887	9
204059	9
226091	9
76433	9
272111	9
87712	9
34668	9
4143	9
227449	9
194622	9
253257	9
17894	9
163596	9
257781	9
253266	9
284891	9
40483	9
26890	9
50482	9
65161	9
262507	9
82333	9
121323	9
161983	9
218120	9
231451	9
120812	9
120328	9
270720	9
269326	9
184201	9
214142	9
144582	9
76554	9
77197	9
167219	9
186948	9
162043	9
203083	9
144021	9
24449	9
51603	9
240271	9
170992	9
56387	9
259004	9
99485	9
113649	9
113739	9
203344	9
93069	9
230001	9
142441	9
225902	9
38310	9
142139	9
117119	9
70952	9
21374	9
281979	9
88	9
122511	9
152589	9
243821	9
70651	9
79054	9
288653	9
192905	9
216834	9
248103	9
187194	9
239082	9
25082	9
104335	9
120104	9
285197	9
51863	9
283858	9
207407	9
204532	9
83819	9
207634	9
236014	9
232069	9
59908	9
184137	9
115135	9
222486	9
186005	9
231042	9
274571	9
264299	9
76635	9
218825	9
114819	9
127901	9
104280	9
185913	9
57503	9
259548	9
104275	9
166837	9
38250	9
260889	9
249866	9
15879	9
62091	9
211056	9
260144	9
242131	9
69573	9
208397	9
35640	9
162613	9
296404	9
4007	9
196324	9
215773	9
99233	9
93954	9
296509	9
54032	9
101283	9
224117	9
102901	9
273052	9
251733	9
218554	9
210446	9
99776	9
138333	9
272482	9
123276	9
120116	9
179064	9
12049	9
150652	9
290213	9
210613	9
48819	9
207284	9
134449	9
164794	9
292206	9
40262	9
258961	9
173448	9
141816	9
14825	9
86479	9
6881	9
70782	9
103502	9
292163	9
8498	9
193851	9
251412	9
255311	9
143054	9
114388	9
153239	9
95840	9
110087	9
124066	9
145269	9
101786	9
138593	9
152939	9
294349	9
35990	9
71068	9
54898	9
221738	9
71529	9
251782	9
124725	9
45038	9
33754	9
132890	9
111400	9
104402	9
99484	9
190065	9
238017	9
143924	9
41218	9
66815	9
8713	9
204692	9
104507	9
286409	9
187568	9
178690	9
166644	9
244146	9
7716	9
207183	9
259809	9
258374	9
231249	9
278004	9
213836	9
279506	9
166921	9
98270	9
80697	9
75194	9
113749	9
232499	9
76388	9
147744	9
149445	9
145935	9
1369	9
