43.3697560069 541.681455292
(2,137.169183861)	(8,0.621382837667)	(23,0.506080884171)	(29,129.274759752)	(33,0.702223638664)	(44,0.55036201004)	(51,0.55036201004)	(78,149.044726131)	(80,132.097403033)	
28995	18
157584	18
116666	18
58453	18
46704	18
201946	18
30749	18
250306	18
82454	18
277019	18
247078	18
91454	18
138617	18
265113	18
131827	18
18620	18
133256	18
194787	18
110578	18
31979	18
53197	18
210557	18
67864	18
104236	18
252432	18
157904	18
95362	18
62034	18
160995	18
150101	18
271831	18
101998	18
58358	18
201999	18
175290	18
33883	18
27833	18
79294	18
58552	18
78778	18
206525	18
262079	18
128942	18
286420	18
81712	18
236210	18
129145	18
128847	18
43220	18
213251	18
134330	18
269368	18
74446	18
74864	18
80030	18
235026	18
101312	18
285335	18
7368	18
133313	18
54655	18
273529	18
77814	18
89114	18
249186	18
91696	18
215187	18
162290	18
118354	18
160344	18
60731	18
201902	18
107871	18
78356	18
142713	18
288178	18
288602	18
294878	18
248567	18
78910	18
247610	18
213273	18
177094	18
215734	18
227223	18
164245	18
49864	18
83350	18
6891	18
285061	18
57218	18
171463	18
91366	18
93636	18
110084	18
100287	18
292959	18
292551	18
280992	18
80063	18
290957	18
64238	18
232405	18
77201	18
226365	18
111991	18
92806	18
261089	18
171926	18
158471	18
294984	18
166423	18
24689	18
162207	18
125112	18
245977	18
151919	18
56363	18
208206	18
111894	18
206204	18
126427	18
258360	18
96998	18
231343	18
105293	18
134622	18
45129	18
221306	18
193993	18
258993	18
76541	18
113236	18
277437	18
105114	18
29822	18
285263	18
17841	18
145419	18
55911	18
156059	18
29079	18
99270	18
289605	18
235376	18
147866	18
37498	18
5429	18
182924	18
272298	18
76413	18
39105	18
266287	18
166934	18
268700	18
204467	18
59617	18
226654	18
108981	18
197840	18
120738	18
98584	18
26387	18
243390	18
176214	18
67591	18
269233	18
133532	18
6560	18
199055	18
291429	18
156201	18
219322	18
259894	18
71196	18
269237	18
194467	18
15028	18
234756	18
168756	18
250541	18
262669	18
138289	18
86860	18
257500	18
162592	18
75967	18
85663	18
80017	18
39624	18
6982	18
193318	18
51024	18
56872	18
210530	18
52663	18
251511	18
121584	18
200135	18
156616	18
245679	18
198658	18
276721	18
13659	18
100592	18
37020	18
285604	18
250839	18
218350	18
220366	18
158243	18
119785	18
263907	18
236062	18
89461	18
58742	18
78348	18
59424	18
234011	18
227859	18
46558	18
80040	18
33143	18
231399	18
213579	18
79857	18
228537	18
246212	18
270749	18
60433	18
53145	18
6072	18
3291	18
94654	18
287291	18
69665	18
108509	18
205833	18
239687	18
101331	18
117682	18
246821	18
295238	18
203523	18
214040	18
197017	18
170726	18
104097	18
14878	18
26123	18
289363	18
246832	18
285899	18
265615	18
164136	18
43661	18
216983	18
234617	18
103218	18
237836	18
21782	18
12366	18
146341	18
59895	18
154001	18
274024	18
65931	18
172830	18
76669	18
1675	18
95055	18
58434	18
28815	18
144303	18
184545	18
73662	18
201864	18
236282	18
158434	18
18669	18
132979	18
92450	18
4463	18
207633	18
72751	18
181362	18
289235	18
277115	18
293395	18
236361	18
293711	18
38061	18
62062	18
40295	18
47412	18
22321	18
239074	18
184426	18
214048	18
244016	18
208188	18
25782	18
203992	18
101821	18
250963	18
21283	18
231522	18
178065	18
65126	18
48354	18
267626	18
115229	18
82449	18
98312	18
102841	18
157960	18
200419	18
86049	18
7999	18
84270	18
194648	18
224776	18
52817	18
70134	18
150161	18
241687	18
104708	18
112835	18
15870	18
205232	18
15452	18
213172	18
96620	18
154051	18
277620	18
220211	18
75674	18
198367	18
33980	18
223489	18
40946	18
76877	18
110785	18
171050	18
72473	18
41196	18
150293	18
223966	18
252157	18
140465	18
43172	18
204600	18
293150	18
240727	18
8983	18
58143	18
123857	18
37733	18
271756	18
12871	18
10554	18
171735	18
77643	18
231815	18
176899	18
198406	18
64553	18
67422	18
245441	18
101659	18
73485	18
164009	18
205665	18
6398	18
146092	18
294098	18
285359	18
11812	18
195863	18
1207	18
229933	18
65802	18
73122	18
96273	18
21446	18
25433	18
89062	18
51791	18
291189	18
207308	18
153249	18
93146	18
236410	18
141633	18
138758	18
11135	18
230229	18
187550	18
50341	18
283146	18
55081	18
57559	18
262958	18
78093	18
74390	18
59261	18
193124	18
46742	18
232425	18
53245	18
132617	18
67251	18
9841	18
183046	18
66656	18
160913	18
133777	18
82593	18
287753	18
262778	18
204169	18
172640	18
167206	18
25626	18
251754	18
240907	18
97317	18
10051	18
134127	18
21749	18
36510	18
242408	18
171362	18
257316	18
48973	18
87002	18
182852	18
214348	18
229410	18
174651	18
210946	18
34369	18
293781	18
186795	18
120435	18
205602	18
231843	18
146941	18
186105	18
174229	18
153055	18
149746	18
219210	18
87973	18
27647	18
111857	18
135020	18
3864	18
139239	18
186772	18
182053	18
99185	18
272811	18
213195	18
140114	18
224687	18
155273	18
158858	18
28866	18
160116	18
74676	18
64615	18
17297	18
182909	18
112	18
285224	18
269833	18
243095	18
71172	18
267989	18
270862	18
144569	18
245303	18
19556	18
92621	18
58502	18
72379	18
96434	18
145904	18
1808	18
265301	18
253076	18
53899	18
66954	18
120840	18
67492	18
90722	18
270088	18
225477	18
294675	18
156197	18
34139	18
44370	18
216116	18
164949	18
282603	18
203961	18
96852	18
272266	18
505	18
124075	18
4379	18
242711	18
34676	18
48154	18
175169	18
115945	18
147115	18
252422	18
168480	18
170988	18
289606	18
144419	18
144121	18
265262	18
165674	18
261424	18
295917	18
21209	18
128963	18
102985	18
198649	18
159835	18
196777	18
177934	18
95268	18
287019	18
259337	18
223004	18
53662	18
159822	18
217375	18
175020	18
180688	18
289718	18
187304	18
288973	18
273139	18
177985	18
210019	18
19699	18
96067	18
283802	18
242548	18
149759	18
85687	18
9044	18
226173	18
291698	18
248887	18
74531	18
27522	18
88688	18
61137	18
197811	18
224867	18
141188	18
120277	18
48293	18
178162	18
3419	18
175222	18
108370	18
214363	18
261770	18
270996	18
134535	18
75392	18
10111	18
177703	18
226933	18
101214	18
96764	18
10740	18
167629	18
119880	18
39789	18
293245	18
205596	18
101812	18
107425	18
195196	18
136285	18
136043	18
12812	18
34683	18
35226	18
220085	18
259702	18
135640	18
157679	18
61414	18
208731	18
92377	18
295412	18
128475	18
