460.730362159 1035.91561303
(0,66.2890680917)	(3,0.219041264333)	(4,117.524716557)	(5,89.0484863525)	(6,63.7684066114)	(8,79.5624234284)	(11,127.895003182)	(13,89.0484863525)	(20,93.0785673754)	(25,257.575267129)	(27,89.0484863525)	(30,66.6840206093)	(31,93.0785673754)	(32,160.564549339)	(33,3.04635979111)	(36,66.2890680917)	(38,174.975361649)	(39,66.2890680917)	(52,89.0484863525)	(56,76.9813495154)	(57,66.2890680917)	(63,160.571434355)	(64,90.8415779612)	(66,254.263489029)	(68,89.0484863525)	(70,89.0484863525)	(72,89.0484863525)	(74,160.571434355)	(77,56.6279350087)	
103941	8
180265	8
74705	8
246745	8
65273	8
68865	8
282428	8
184535	8
152846	8
262109	8
166412	8
59447	8
282886	8
166801	8
150776	8
99843	8
162250	8
200538	8
167198	8
108548	8
93926	8
176686	8
201942	8
55296	8
163455	8
98282	8
140298	8
177384	8
146821	8
48548	8
53603	8
161071	8
46865	8
237635	8
28418	8
247265	8
229272	8
185895	8
38899	8
3993	8
18707	8
14725	8
8167	8
161022	8
270498	8
15663	8
277918	8
119195	8
44427	8
120432	8
269038	8
56976	8
19379	8
24524	8
183376	8
198783	8
168519	8
287755	8
182843	8
689	8
211406	8
241601	8
60384	8
161901	8
180755	8
270858	8
6792	8
67114	8
189583	8
151595	8
281537	8
244251	8
178907	8
77595	8
164591	8
120739	8
205568	8
266909	8
74499	8
106973	8
182281	8
184618	8
206587	8
154286	8
35816	8
270542	8
134158	8
253813	8
218306	8
49312	8
270999	8
26647	8
225593	8
53728	8
276874	8
118686	8
102766	8
15674	8
182627	8
237587	8
183237	8
34415	8
214889	8
178464	8
29116	8
147732	8
278708	8
273705	8
44926	8
225089	8
192305	8
17580	8
207926	8
160986	8
193373	8
154202	8
79144	8
123381	8
65185	8
135690	8
69493	8
77582	8
244255	8
231592	8
189204	8
120708	8
288563	8
46797	8
240637	8
238348	8
190004	8
93481	8
104643	8
208088	8
129071	8
192125	8
45868	8
267946	8
131395	8
11616	8
232243	8
244354	8
10765	8
142623	8
261904	8
133784	8
83923	8
247830	8
101217	8
154996	8
45662	8
241652	8
270951	8
137726	8
29291	8
239996	8
14512	8
271479	8
283328	8
268709	8
102106	8
84023	8
225636	8
149903	8
110426	8
109086	8
218885	8
231035	8
230476	8
60814	8
287535	8
146609	8
25637	8
104254	8
219914	8
159955	8
165101	8
240978	8
190347	8
166373	8
278502	8
41169	8
176057	8
92389	8
180351	8
6187	8
157636	8
141341	8
232526	8
9191	8
123118	8
33083	8
25260	8
210852	8
89806	8
167903	8
186076	8
143743	8
94862	8
30550	8
68326	8
142432	8
288431	8
114985	8
248538	8
2684	8
229654	8
228006	8
35052	8
232416	8
80225	8
111591	8
125633	8
161156	8
182964	8
242110	8
3720	8
132552	8
241810	8
267753	8
27037	8
155670	8
144287	8
73605	8
289586	8
228499	8
54079	8
231127	8
46753	8
247492	8
107206	8
51487	8
275181	8
296353	8
209568	8
164670	8
90866	8
120010	8
226435	8
125668	8
134301	8
265571	8
5072	8
75254	8
198167	8
97489	8
138796	8
243962	8
143776	8
197522	8
49532	8
164832	8
13580	8
53801	8
80841	8
24025	8
928	8
269676	8
273806	8
40922	8
56561	8
129347	8
184816	8
279927	8
82313	8
40856	8
274533	8
283610	8
196132	8
108269	8
182973	8
178037	8
258470	8
187453	8
5788	8
215525	8
28670	8
6745	8
6741	8
230454	8
69282	8
132185	8
98633	8
234559	8
92994	8
25163	8
138316	8
224983	8
13416	8
84283	8
139566	8
74266	8
86285	8
241159	8
278199	8
255846	8
27925	8
116154	8
173911	8
227739	8
192406	8
153306	8
295240	8
203593	8
273899	8
196594	8
237244	8
165552	8
245601	8
177058	8
242918	8
193180	8
87646	8
101459	8
137968	8
67204	8
131647	8
291521	8
208862	8
30576	8
72422	8
11065	8
244022	8
78837	8
130914	8
68490	8
25246	8
225773	8
82285	8
248570	8
158031	8
24883	8
266974	8
86076	8
22193	8
155546	8
184122	8
220253	8
251662	8
206789	8
204934	8
108416	8
124847	8
167132	8
76383	8
199432	8
162298	8
131100	8
172251	8
76228	8
268389	8
96518	8
220154	8
138684	8
141727	8
102201	8
232210	8
167918	8
161541	8
115601	8
101983	8
6882	8
241685	8
156569	8
198145	8
132130	8
186186	8
126597	8
231556	8
47668	8
58772	8
39445	8
162896	8
106991	8
209371	8
8413	8
4729	8
5951	8
206576	8
8592	8
240754	8
111436	8
66359	8
193294	8
292234	8
165471	8
167378	8
51160	8
282987	8
97827	8
288484	8
219381	8
135867	8
293079	8
159601	8
167280	8
205313	8
200336	8
38275	8
246363	8
277402	8
204493	8
175908	8
276870	8
134266	8
195528	8
216634	8
165480	8
132646	8
10800	8
44438	8
141756	8
183866	8
37700	8
237204	8
41198	8
174411	8
289090	8
230300	8
216384	8
37915	8
6626	8
15551	8
268132	8
131629	8
108197	8
262787	8
245605	8
240956	8
122373	8
159450	8
71984	8
34653	8
36941	8
144135	8
8673	8
203001	8
151380	8
237468	8
186537	8
125134	8
3931	8
74653	8
96262	8
106731	8
134015	8
282442	8
189402	8
41150	8
12653	8
155366	8
64502	8
57588	8
165747	8
97283	8
257053	8
153247	8
99357	8
118084	8
118628	8
87602	8
116309	8
272733	8
89204	8
89169	8
7456	8
227898	8
161480	8
286770	8
143602	8
149727	8
157896	8
137173	8
83215	8
24252	8
54804	8
39221	8
142344	8
210001	8
162849	8
110000	8
13694	8
235394	8
203225	8
119577	8
219778	8
214139	8
86098	8
253651	8
173546	8
291019	8
120331	8
28959	8
296667	8
60528	8
25783	8
17401	8
104979	8
3654	8
293215	8
134402	8
58934	8
240163	8
155003	8
265610	8
204365	8
290405	8
124542	8
240431	8
146384	8
44702	8
260392	8
130688	8
46447	8
30402	8
78091	8
204905	8
194376	8
161479	8
126346	8
155209	8
284079	8
107163	8
57386	8
168722	8
218939	8
120924	8
145763	8
242284	8
211288	8
108243	8
259587	8
29040	8
259918	8
286653	8
6608	8
60340	8
9854	8
114097	8
112051	8
136310	8
116370	8
11476	8
155014	8
59483	8
262523	8
5814	8
62157	8
124869	8
70352	8
132761	8
225548	8
114031	8
189639	8
219402	8
163899	8
277132	8
189330	8
213912	8
178536	8
195090	8
89239	8
85950	8
139441	8
154237	8
115490	8
176116	8
260705	8
158501	8
13900	8
200093	8
107989	8
133836	8
237583	8
283878	8
283900	8
12161	8
69686	8
235523	8
108621	8
66966	8
59739	8
245735	8
198992	8
184294	8
16587	8
214597	8
172831	8
136101	8
152899	8
59652	8
242958	8
257062	8
144904	8
144900	8
18048	8
166445	8
146234	8
248871	8
70644	8
206334	8
256160	8
197038	8
178802	8
174266	8
28054	8
144474	8
88926	8
111388	8
187035	8
44867	8
240866	8
119973	8
147398	8
86476	8
213707	8
265889	8
273204	8
267788	8
95487	8
125484	8
98422	8
221625	8
225966	8
94484	8
210805	8
82656	8
138367	8
241762	8
189323	8
253488	8
47260	8
250526	8
104438	8
57658	8
77887	8
239112	8
162445	8
270490	8
21808	8
139162	8
39799	8
278326	8
55946	8
141882	8
167381	8
70271	8
267601	8
122795	8
247214	8
511	8
274959	8
48773	8
229737	8
87022	8
102726	8
28797	8
141558	8
224806	8
35023	8
217831	8
118471	8
181428	8
215877	8
108382	8
159722	8
291653	8
256560	8
66557	8
158008	8
225827	8
206640	8
13711	8
109154	8
180500	8
40272	8
159494	8
73241	8
235435	8
268060	8
102861	8
238814	8
121956	8
122636	8
2657	8
176000	8
189006	8
159869	8
32314	8
10431	8
120380	8
139953	8
98691	8
179306	8
40878	8
289348	8
70860	8
83079	8
140254	8
34068	8
136718	8
196028	8
287225	8
127936	8
217246	8
224767	8
283694	8
144250	8
100517	8
93070	8
93647	8
202987	8
223634	8
167046	8
280079	8
35131	8
262831	8
172237	8
120663	8
196266	8
220770	8
50659	8
292924	8
262750	8
246411	8
258885	8
189132	8
140575	8
72710	8
209906	8
121585	8
286558	8
43066	8
104706	8
60245	8
100786	8
140957	8
209289	8
295626	8
183646	8
204255	8
166346	8
3508	8
172314	8
187659	8
36039	8
264994	8
132004	8
269171	8
285524	8
53526	8
251961	8
120483	8
195731	8
4398	8
115696	8
59115	8
146803	8
274151	8
282598	8
218786	8
181402	8
174675	8
231417	8
118457	8
165765	8
260657	8
183776	8
156042	8
35636	8
283683	8
110130	8
8552	8
87769	8
263357	8
279471	8
279677	8
11379	8
7463	8
226134	8
37091	8
279210	8
185106	8
107889	8
109050	8
130238	8
189591	8
155415	8
60352	8
158092	8
61944	8
45928	8
52748	8
74128	8
117093	8
98526	8
266711	8
135109	8
32690	8
293603	8
77723	8
1136	8
277784	8
69193	8
5983	8
236141	8
111680	8
270855	8
256363	8
48365	8
66431	8
164855	8
2630	8
130865	8
101911	8
83276	8
210408	8
68910	8
161492	8
292428	8
229156	8
292932	8
123146	8
129232	8
175772	8
29481	8
281378	8
196300	8
130762	8
144435	8
287332	8
141010	8
154867	8
12119	8
289424	8
250912	8
117400	8
52920	8
186998	8
292895	8
195529	8
43997	8
59356	8
38627	8
162527	8
251494	8
110849	8
235593	8
21939	8
164406	8
129368	8
164763	8
103	8
163498	8
256455	8
180138	8
122808	8
177455	8
123551	8
72320	8
176218	8
68745	8
241150	8
93691	8
142028	8
182907	8
144611	8
183096	8
270958	8
7884	8
124172	8
160473	8
167810	8
22246	8
94409	8
153596	8
199051	8
139804	8
100497	8
292543	8
26462	8
172687	8
104390	8
25045	8
249680	8
75145	8
253531	8
104466	8
73910	8
56869	8
150751	8
240755	8
244049	8
76944	8
294497	8
93343	8
285006	8
141850	8
70007	8
135941	8
252367	8
10162	8
115554	8
243549	8
180329	8
18940	8
176997	8
202111	8
189348	8
195976	8
288193	8
151482	8
194830	8
280078	8
180152	8
293287	8
91446	8
239104	8
229444	8
62138	8
177873	8
265488	8
31109	8
23490	8
131417	8
217997	8
170270	8
153040	8
15095	8
186147	8
6160	8
51631	8
210251	8
56681	8
165328	8
17358	8
97075	8
177558	8
55860	8
162549	8
253364	8
142738	8
124165	8
48934	8
208922	8
101995	8
151675	8
204676	8
140992	8
227666	8
64316	8
75080	8
14513	8
178807	8
94108	8
139857	8
134047	8
210853	8
133020	8
219120	8
99419	8
14070	8
264366	8
68741	8
48413	8
11910	8
164590	8
152591	8
162347	8
36584	8
83625	8
112102	8
252886	8
221538	8
98135	8
150719	8
35615	8
171497	8
264894	8
173293	8
242201	8
187764	8
65900	8
126233	8
11662	8
106886	8
226539	8
163883	8
94517	8
8355	8
145807	8
31956	8
154584	8
128554	8
51486	8
102598	8
56876	8
2212	8
162215	8
183676	8
153444	8
144264	8
283934	8
17152	8
182569	8
293023	8
27573	8
162361	8
58030	8
19349	8
288210	8
192663	8
36801	8
118993	8
2380	8
75512	8
225646	8
221808	8
260128	8
90900	8
197354	8
99657	8
5491	8
113761	8
160033	8
264007	8
284401	8
69773	8
275092	8
157589	8
162963	8
184062	8
256671	8
31769	8
218606	8
287534	8
70490	8
152177	8
66545	8
83935	8
219164	8
213333	8
15312	8
7563	8
201015	8
214620	8
183751	8
53783	8
187463	8
33846	8
208063	8
43315	8
113686	8
96454	8
28598	8
195666	8
245297	8
215274	8
267028	8
160172	8
140602	8
221088	8
93952	8
258831	8
96551	8
25067	8
130304	8
104163	8
60486	8
121823	8
204405	8
3952	8
81201	8
294949	8
14243	8
271562	8
247365	8
113505	8
163331	8
104996	8
44743	8
56201	8
74573	8
3956	8
28932	8
9877	8
284135	8
781	8
60846	8
197624	8
142635	8
184017	8
142051	8
291098	8
197758	8
255685	8
97505	8
284654	8
249226	8
290332	8
294879	8
59091	8
7488	8
58782	8
205855	8
79365	8
3862	8
60011	8
66848	8
120051	8
182561	8
183746	8
155770	8
33172	8
88642	8
256983	8
29805	8
192601	8
238055	8
264230	8
201349	8
31624	8
273520	8
177154	8
178829	8
166260	8
285842	8
114706	8
287134	8
51958	8
253801	8
294475	8
116708	8
31369	8
257908	8
271030	8
290202	8
280089	8
221853	8
200023	8
173929	8
250040	8
270200	8
226900	8
170933	8
263499	8
60730	8
197501	8
57181	8
13945	8
13237	8
13044	8
162949	8
230338	8
156564	8
263653	8
278518	8
12898	8
236619	8
115028	8
257113	8
162075	8
207974	8
237414	8
41201	8
247431	8
144123	8
66581	8
119118	8
91572	8
140758	8
145708	8
158005	8
259212	8
55244	8
228696	8
60213	8
97956	8
75426	8
103346	8
43777	8
178429	8
70263	8
46091	8
60473	8
43566	8
56043	8
153013	8
205309	8
265181	8
14034	8
112380	8
276970	8
21449	8
186143	8
13202	8
118287	8
203044	8
163043	8
33604	8
53453	8
154184	8
82073	8
226401	8
173598	8
249594	8
171105	8
7549	8
174410	8
224560	8
97916	8
257782	8
57747	8
142657	8
225400	8
252169	8
229659	8
125139	8
17985	8
227420	8
128640	8
70649	8
66862	8
170735	8
173312	8
37626	8
150261	8
136232	8
253001	8
34317	8
55451	8
266171	8
272787	8
240500	8
124068	8
124064	8
238705	8
294480	8
143485	8
249114	8
43742	8
13439	8
158287	8
150445	8
278709	8
60532	8
124194	8
223381	8
250202	8
227891	8
186200	8
97732	8
293751	8
61405	8
139178	8
236527	8
118180	8
35101	8
52032	8
135875	8
135758	8
122677	8
29041	8
59334	8
192928	8
292208	8
291133	8
160367	8
261475	8
83504	8
107492	8
259951	8
14593	8
58661	8
242612	8
222067	8
202465	8
38498	8
10012	8
183489	8
3127	8
230796	8
156924	8
174861	8
47706	8
136597	8
82107	8
268902	8
128806	8
279027	8
261822	8
56748	8
214484	8
82037	8
172391	8
82745	8
287325	8
192533	8
135000	8
75912	8
167476	8
227958	8
209468	8
155486	8
291234	8
189199	8
253878	8
144422	8
40174	8
81212	8
161092	8
133132	8
18180	8
61940	8
197282	8
225949	8
43625	8
238895	8
275180	8
97978	8
260155	8
119125	8
184949	8
134542	8
3431	8
239382	8
118386	8
198360	8
230936	8
184523	8
143841	8
285077	8
217962	8
36162	8
188440	8
109155	8
288571	8
6515	8
34616	8
114562	8
23245	8
23573	8
142749	8
38227	8
221189	8
234129	8
181784	8
32962	8
12164	8
73420	8
135826	8
217135	8
282612	8
19532	8
91525	8
65720	8
80642	8
15280	8
208236	8
247826	8
57888	8
107980	8
223491	8
134810	8
62840	8
223712	8
130003	8
143760	8
56326	8
167955	8
104952	8
232206	8
158997	8
89281	8
15903	8
236761	8
251003	8
76500	8
45142	8
82525	8
96959	8
249020	8
165045	8
292341	8
279131	8
76597	8
135783	8
170722	8
296868	8
242050	8
215436	8
155213	8
223756	8
263136	8
137899	8
259340	8
46734	8
330	8
132768	8
151451	8
199411	8
117026	8
156731	8
101201	8
129733	8
220191	8
277292	8
284342	8
114276	8
296293	8
60389	8
76478	8
184044	8
145285	8
75970	8
9118	8
121849	8
195569	8
182240	8
159194	8
6032	8
276923	8
165283	8
176971	8
131141	8
294196	8
238536	8
14108	8
101663	8
92076	8
137631	8
7138	8
229439	8
285433	8
26923	8
153563	8
60266	8
30111	8
59446	8
296459	8
150724	8
95688	8
44488	8
157444	8
188264	8
173851	8
231430	8
273267	8
256767	8
286573	8
163151	8
178685	8
99819	8
132214	8
218152	8
92700	8
101212	8
79080	8
197945	8
74542	8
139574	8
132463	8
185054	8
9077	8
165579	8
167362	8
240672	8
141094	8
230110	8
281213	8
205815	8
78960	8
284203	8
190049	8
56304	8
185685	8
269765	8
70515	8
222621	8
188549	8
156649	8
86262	8
189393	8
284889	8
266755	8
131721	8
263086	8
236534	8
252820	8
183733	8
136287	8
51419	8
48974	8
74775	8
22109	8
179178	8
22215	8
287273	8
49450	8
153008	8
17318	8
136179	8
56995	8
90834	8
104075	8
133495	8
207978	8
6890	8
210765	8
117318	8
45674	8
98878	8
167454	8
227815	8
162646	8
238316	8
23199	8
4027	8
267705	8
285859	8
208427	8
213940	8
186716	8
89991	8
18988	8
191864	8
183690	8
48071	8
189807	8
238622	8
140952	8
206678	8
241635	8
8557	8
266715	8
59330	8
275283	8
195389	8
217716	8
220093	8
14194	8
273167	8
92871	8
96556	8
100388	8
290519	8
282963	8
55904	8
227838	8
216694	8
296513	8
16255	8
224299	8
152956	8
159157	8
172811	8
22902	8
235569	8
198635	8
128904	8
10635	8
177984	8
296001	8
16927	8
208550	8
36846	8
146016	8
286981	8
71241	8
107716	8
289438	8
290007	8
178329	8
3397	8
98910	8
193678	8
176208	8
257477	8
106801	8
13047	8
291282	8
40362	8
115294	8
263777	8
10363	8
64724	8
75937	8
29763	8
8161	8
31120	8
92462	8
125491	8
218601	8
8385	8
259549	8
237750	8
262352	8
44735	8
143424	8
263144	8
23299	8
97119	8
147550	8
161635	8
201041	8
249733	8
128746	8
56400	8
196659	8
136767	8
141163	8
100436	8
227539	8
158154	8
238737	8
201427	8
259985	8
130097	8
97322	8
181156	8
124643	8
166230	8
273758	8
281218	8
237053	8
64333	8
58060	8
204385	8
117524	8
55830	8
118680	8
222011	8
61136	8
149646	8
237044	8
168852	8
281236	8
292669	8
100238	8
209588	8
129428	8
37764	8
61327	8
291343	8
168940	8
109981	8
261106	8
91672	8
186737	8
46434	8
66403	8
270034	8
83411	8
225713	8
82621	8
80821	8
184245	8
15768	8
241711	8
89156	8
10701	8
51597	8
39177	8
238773	8
81152	8
55416	8
25235	8
118002	8
209544	8
97681	8
177333	8
295578	8
227070	8
79951	8
216085	8
40762	8
182540	8
140458	8
164210	8
2512	8
247582	8
227108	8
58055	8
257950	8
30040	8
168203	8
38628	8
232021	8
159218	8
90543	8
277088	8
211031	8
53407	8
68979	8
108119	8
180003	8
32802	8
83891	8
96291	8
129316	8
267984	8
22582	8
193384	8
220277	8
40436	8
126627	8
246314	8
154907	8
156747	8
244309	8
248815	8
266107	8
218883	8
38668	8
203559	8
279082	8
92620	8
24764	8
90859	8
59441	8
230474	8
292852	8
124636	8
209474	8
265641	8
158352	8
37207	8
215350	8
293536	8
153722	8
287559	8
108072	8
153623	8
115188	8
141664	8
12840	8
270140	8
53960	8
38408	8
109116	8
167417	8
79577	8
68940	8
196321	8
285364	8
281870	8
184924	8
141710	8
269915	8
80836	8
155867	8
260822	8
288217	8
83158	8
54033	8
179865	8
275121	8
33690	8
202369	8
283403	8
60117	8
99795	8
71836	8
24654	8
258029	8
241636	8
77830	8
66047	8
272818	8
103349	8
124917	8
281144	8
272326	8
204903	8
269887	8
114363	8
261788	8
124603	8
244190	8
194077	8
133485	8
2703	8
295512	8
102690	8
162366	8
79821	8
207429	8
21262	8
196660	8
230870	8
45246	8
1122	8
167185	8
2628	8
147576	8
16196	8
236858	8
46144	8
262415	8
132121	8
282343	8
87118	8
13582	8
242695	8
98752	8
202729	8
137746	8
188142	8
258667	8
133878	8
259332	8
143468	8
143983	8
183622	8
32349	8
145707	8
56444	8
262266	8
194482	8
241809	8
214627	8
53780	8
259655	8
154693	8
79087	8
165491	8
181448	8
277130	8
266947	8
292038	8
184915	8
80704	8
121914	8
3577	8
159324	8
23750	8
231019	8
243814	8
246343	8
242268	8
46232	8
221814	8
122555	8
174286	8
268916	8
101880	8
295422	8
136154	8
146423	8
264949	8
196750	8
83392	8
48164	8
138325	8
37724	8
153317	8
26986	8
10222	8
286215	8
124485	8
136565	8
178303	8
123088	8
25998	8
172415	8
288147	8
256474	8
160830	8
40379	8
267566	8
114244	8
217521	8
74718	8
243537	8
58345	8
196109	8
153915	8
186733	8
232061	8
281012	8
68878	8
205197	8
141259	8
244532	8
262455	8
295769	8
100674	8
227980	8
21240	8
17195	8
167228	8
293792	8
293006	8
140700	8
132367	8
271914	8
256272	8
146834	8
184164	8
274650	8
271828	8
255563	8
193999	8
238481	8
167376	8
71955	8
241531	8
33719	8
179832	8
223409	8
44362	8
143657	8
25323	8
189167	8
115041	8
62142	8
287120	8
161165	8
205131	8
97829	8
283357	8
14554	8
284716	8
101949	8
47907	8
282211	8
35164	8
221869	8
136561	8
154802	8
267966	8
90187	8
224457	8
88894	8
268291	8
65851	8
184933	8
216333	8
220758	8
97951	8
230540	8
77441	8
124852	8
77449	8
88407	8
5917	8
86823	8
105097	8
93601	8
54590	8
68544	8
48689	8
200334	8
153076	8
44304	8
153524	8
140933	8
285360	8
46544	8
103257	8
102768	8
141695	8
2611	8
270500	8
1944	8
216632	8
264329	8
271019	8
270283	8
207447	8
91579	8
193869	8
176653	8
235671	8
79609	8
24333	8
113920	8
180906	8
249254	8
159364	8
115562	8
123826	8
247803	8
54103	8
13854	8
242732	8
283124	8
121550	8
111971	8
13937	8
183741	8
158136	8
18486	8
196633	8
132716	8
31304	8
279468	8
201236	8
120786	8
29635	8
251105	8
189512	8
15856	8
229964	8
30109	8
31511	8
57748	8
200073	8
38585	8
34365	8
270355	8
53919	8
43639	8
82773	8
158666	8
249908	8
53865	8
177698	8
200679	8
271442	8
15171	8
160085	8
251930	8
293701	8
279200	8
91175	8
122340	8
184115	8
38804	8
101923	8
107019	8
153744	8
213877	8
111023	8
238908	8
121842	8
65363	8
160773	8
282703	8
76275	8
187305	8
180195	8
62007	8
246237	8
147143	8
22076	8
92736	8
273224	8
180793	8
263214	8
57366	8
93199	8
131380	8
76910	8
166502	8
155489	8
62003	8
15139	8
57986	8
280536	8
149484	8
260372	8
188177	8
218003	8
179630	8
52329	8
165525	8
172396	8
128337	8
101721	8
236249	8
293697	8
69055	8
54473	8
201148	8
250296	8
17595	8
269241	8
3090	8
153995	8
113120	8
127909	8
21420	8
260448	8
33931	8
256027	8
242497	8
85765	8
61363	8
117731	8
37614	8
156149	8
80609	8
50374	8
157542	8
29994	8
104128	8
239859	8
100278	8
188689	8
132338	8
221555	8
34260	8
194851	8
164298	8
13371	8
23310	8
267593	8
140771	8
206112	8
16383	8
39094	8
14442	8
128342	8
133302	8
163318	8
265083	8
65727	8
123729	8
149480	8
121600	8
193649	8
158217	8
100740	8
215291	8
252629	8
56361	8
258793	8
216302	8
95445	8
51939	8
13274	8
37593	8
56383	8
246574	8
247003	8
139605	8
204176	8
283836	8
57160	8
104524	8
205373	8
152916	8
84098	8
260523	8
293640	8
246996	8
1441	8
17663	8
175630	8
249430	8
242224	8
167000	8
264398	8
290421	8
221641	8
57977	8
292579	8
182023	8
55665	8
209038	8
69011	8
76507	8
284914	8
45930	8
144902	8
228905	8
269025	8
84234	8
157634	8
76446	8
71388	8
12985	8
275309	8
40681	8
268563	8
88432	8
73760	8
267922	8
125028	8
3094	8
186768	8
188083	8
204998	8
292049	8
258582	8
149981	8
56178	8
209258	8
32059	8
141750	8
158569	8
47518	8
96000	8
139689	8
120485	8
88692	8
197803	8
147150	8
5005	8
97564	8
82100	8
104506	8
235734	8
192156	8
36183	8
268905	8
289953	8
53656	8
5597	8
246242	8
98730	8
9445	8
10550	8
207483	8
294458	8
265490	8
180685	8
78619	8
67394	8
245706	8
138321	8
272502	8
6927	8
117887	8
4657	8
199867	8
273141	8
160430	8
286963	8
25312	8
109556	8
216434	8
39128	8
104182	8
292913	8
104195	8
210025	8
206642	8
124805	8
217815	8
43411	8
155658	8
146841	8
187064	8
153601	8
106874	8
135656	8
129767	8
290072	8
293240	8
195452	8
52714	8
9654	8
165455	8
249896	8
13533	8
252588	8
43077	8
162146	8
113977	8
57858	8
139227	8
255589	8
268534	8
167387	8
37500	8
123761	8
156189	8
175847	8
162937	8
141156	8
292089	8
238496	8
27637	8
59294	8
38242	8
248767	8
271738	8
179951	8
206783	8
33997	8
136280	8
289706	8
49574	8
162713	8
1276	8
11359	8
271576	8
56480	8
134475	8
147172	8
145237	8
51210	8
92668	8
239482	8
140779	8
3762	8
125763	8
166205	8
246413	8
226543	8
90529	8
65486	8
81329	8
56736	8
180634	8
119874	8
164834	8
236292	8
17025	8
53704	8
121086	8
98954	8
214281	8
90042	8
134358	8
288767	8
14125	8
98590	8
162371	8
112365	8
38530	8
195214	8
36037	8
29741	8
137500	8
59665	8
280451	8
164557	8
71564	8
159632	8
76316	8
246071	8
37922	8
227885	8
35168	8
246545	8
144407	8
168508	8
262965	8
95311	8
40393	8
207612	8
56545	8
93533	8
102805	8
28975	8
96996	8
206791	8
286768	8
141092	8
81162	8
180161	8
5985	8
170203	8
66464	8
117815	8
11736	8
262032	8
151866	8
77761	8
157819	8
57873	8
204483	8
75727	8
166806	8
74373	8
56830	8
231263	8
44648	8
97330	8
146152	8
230585	8
289732	8
289934	8
203763	8
22907	8
244461	8
242632	8
142123	8
76371	8
94476	8
112481	8
90003	8
147872	8
32227	8
197459	8
151941	8
68620	8
34962	8
199691	8
128729	8
104705	8
270848	8
256299	8
182116	8
147757	8
3208	8
285336	8
104121	8
214271	8
80806	8
15530	8
151321	8
182127	8
37776	8
81016	8
15444	8
173772	8
56975	8
153626	8
147450	8
225279	8
83050	8
60123	8
91462	8
109665	8
225125	8
75558	8
272187	8
270314	8
257339	8
70131	8
103379	8
94234	8
147407	8
131275	8
99747	8
203143	8
144248	8
93796	8
98911	8
131529	8
164862	8
25249	8
17002	8
235919	8
249736	8
121331	8
181049	8
7859	8
118326	8
78302	8
58069	8
1949	8
288014	8
33048	8
99181	8
1365	8
84389	8
289912	8
29375	8
125252	8
112236	8
271245	8
205075	8
116665	8
285493	8
99624	8
25241	8
123984	8
128905	8
79635	8
179846	8
291614	8
258529	8
249260	8
58551	8
294837	8
238695	8
69054	8
73714	8
25955	8
237625	8
217692	8
72955	8
52809	8
267466	8
151970	8
108910	8
230857	8
114696	8
66316	8
103331	8
95578	8
262047	8
231898	8
53446	8
227251	8
149261	8
186440	8
218006	8
58216	8
119372	8
228801	8
276802	8
227866	8
180158	8
193594	8
112113	8
12210	8
12892	8
287734	8
100024	8
53572	8
118524	8
208700	8
7059	8
94818	8
72546	8
270952	8
263754	8
45423	8
33233	8
143757	8
68923	8
8630	8
285026	8
265165	8
111813	8
221338	8
76173	8
228669	8
5729	8
242377	8
51453	8
283103	8
257678	8
47933	8
226380	8
174492	8
102057	8
82611	8
78180	8
180554	8
4292	8
236864	8
209574	8
85676	8
262069	8
251324	8
287532	8
108226	8
154021	8
46075	8
266032	8
64912	8
256534	8
292471	8
113727	8
215355	8
100020	8
124251	8
135316	8
220940	8
291243	8
201884	8
287594	8
16892	8
293128	8
228852	8
27940	8
98700	8
101456	8
192452	8
112922	8
89795	8
187375	8
99097	8
248133	8
59804	8
30197	8
36003	8
194407	8
157136	8
87133	8
75958	8
149481	8
129546	8
247752	8
195790	8
277889	8
225688	8
91181	8
280274	8
79507	8
165494	8
289512	8
55527	8
248843	8
145979	8
224751	8
90058	8
171510	8
144172	8
248195	8
8195	8
87436	8
283701	8
276712	8
262076	8
94379	8
32058	8
199695	8
203860	8
93565	8
220276	8
120219	8
234422	8
21090	8
141474	8
98133	8
232019	8
18025	8
4186	8
117020	8
175723	8
185539	8
251049	8
158072	8
163056	8
181236	8
146659	8
247918	8
252026	8
223149	8
184356	8
1714	8
174773	8
255614	8
40419	8
33686	8
144132	8
262982	8
153323	8
280403	8
140932	8
171455	8
184392	8
194991	8
230686	8
123272	8
156768	8
47256	8
158119	8
273175	8
121623	8
140947	8
194483	8
61490	8
208836	8
279717	8
265925	8
241798	8
292505	8
201192	8
284256	8
272590	8
130690	8
3495	8
274404	8
138315	8
257407	8
193389	8
141023	8
265679	8
134399	8
206456	8
42996	8
52078	8
154102	8
28318	8
70243	8
45395	8
222689	8
108671	8
115615	8
184015	8
157976	8
157222	8
30603	8
27508	8
235292	8
150573	8
267826	8
22600	8
230141	8
242113	8
100914	8
50021	8
248915	8
171172	8
66060	8
264236	8
124655	8
321	8
226465	8
238570	8
85768	8
205192	8
139954	8
250136	8
91949	8
56526	8
101272	8
105085	8
223127	8
143230	8
177831	8
224144	8
196504	8
49917	8
212930	8
74320	8
17147	8
215030	8
57778	8
251081	8
87252	8
13231	8
133677	8
294778	8
251975	8
149900	8
282940	8
294114	8
52931	8
235366	8
123874	8
108877	8
179833	8
509	8
183515	8
220382	8
33101	8
52126	8
65263	8
102619	8
211399	8
83986	8
85579	8
269217	8
116171	8
17301	8
9978	8
226894	8
209952	8
294473	8
283565	8
75781	8
251834	8
91602	8
51787	8
73017	8
35334	8
139947	8
61102	8
189290	8
51303	8
166316	8
54375	8
231018	8
83353	8
75495	8
259232	8
194560	8
59637	8
155318	8
135198	8
199105	8
46721	8
207194	8
158267	8
117154	8
185306	8
196966	8
205549	8
81900	8
200065	8
199233	8
221842	8
101333	8
21528	8
8919	8
52632	8
149614	8
210701	8
205246	8
40068	8
134711	8
280151	8
155769	8
149607	8
49728	8
237131	8
168394	8
164668	8
13811	8
263181	8
283172	8
208775	8
147623	8
13932	8
28628	8
171644	8
76731	8
51897	8
214617	8
184367	8
229657	8
174878	8
138401	8
163557	8
19664	8
1075	8
90018	8
119989	8
19686	8
184594	8
96643	8
288894	8
27917	8
208313	8
22846	8
290954	8
75693	8
270260	8
59408	8
182354	8
11479	8
184855	8
176476	8
258590	8
289651	8
243709	8
199398	8
115714	8
178618	8
29601	8
264715	8
280869	8
160844	8
263440	8
216291	8
219603	8
289978	8
284115	8
88415	8
92184	8
36014	8
102567	8
13929	8
260434	8
206711	8
187018	8
5097	8
228193	8
262599	8
13846	8
209026	8
95718	8
136245	8
241930	8
246834	8
61722	8
251117	8
213906	8
222700	8
23917	8
166297	8
199358	8
167214	8
28354	8
202070	8
282104	8
38597	8
15291	8
60152	8
44536	8
172102	8
16399	8
225608	8
190094	8
134728	8
62561	8
289365	8
249303	8
49399	8
112522	8
44639	8
44147	8
73314	8
176832	8
270794	8
44459	8
288577	8
6157	8
118528	8
252321	8
77606	8
194700	8
70355	8
102444	8
296471	8
245628	8
218176	8
257537	8
114296	8
94551	8
228500	8
171132	8
68893	8
211287	8
223259	8
258987	8
114582	8
230251	8
16184	8
24457	8
116852	8
230509	8
247820	8
244021	8
231964	8
15664	8
97374	8
293645	8
36887	8
7662	8
226793	8
118559	8
40770	8
219117	8
161506	8
126495	8
159567	8
138553	8
13161	8
138001	8
47205	8
40240	8
251607	8
113046	8
241390	8
222047	8
228904	8
270206	8
30830	8
141016	8
92720	8
294990	8
129142	8
268966	8
109489	8
194609	8
211092	8
177978	8
182952	8
35378	8
140028	8
177404	8
132436	8
229525	8
227974	8
285453	8
69920	8
61142	8
262674	8
3507	8
141377	8
13684	8
191651	8
52441	8
128220	8
124967	8
97367	8
176111	8
11343	8
294190	8
173255	8
33134	8
26716	8
118609	8
134751	8
232558	8
14506	8
280843	8
108107	8
45258	8
113213	8
60686	8
232675	8
39428	8
78207	8
11699	8
28686	8
225293	8
103803	8
43371	8
98991	8
120765	8
216321	8
103054	8
144459	8
109962	8
268328	8
284050	8
160589	8
34759	8
230123	8
92694	8
107353	8
102862	8
104491	8
261943	8
36362	8
279537	8
230758	8
118612	8
144631	8
224931	8
119651	8
167711	8
84262	8
1880	8
134100	8
227321	8
223031	8
44129	8
124978	8
52276	8
135345	8
62536	8
245893	8
269565	8
159862	8
271209	8
120831	8
196108	8
57590	8
144396	8
61854	8
79859	8
274163	8
96478	8
160651	8
231212	8
115358	8
275212	8
43072	8
109571	8
111318	8
258811	8
110223	8
15268	8
35187	8
65177	8
1996	8
32205	8
170290	8
184420	8
218028	8
65713	8
197473	8
262025	8
180631	8
141481	8
227817	8
231256	8
54555	8
1893	8
131231	8
37826	8
26169	8
114564	8
97598	8
91431	8
26327	8
87223	8
102079	8
256372	8
70702	8
49373	8
2175	8
15808	8
118902	8
162662	8
189889	8
8829	8
30401	8
162864	8
220320	8
245585	8
68563	8
96162	8
164677	8
131482	8
296549	8
197103	8
140132	8
18511	8
293357	8
175716	8
188338	8
268302	8
12144	8
281556	8
175099	8
24400	8
136902	8
