116.497338245 316.296731548
(3,54.1104691554)	(4,38.7755411093)	(64,0.693951668674)	(75,95.9388181942)	
74491	2
154273	2
131867	2
137645	2
285223	2
142678	2
112208	2
146854	2
289498	2
123279	2
200549	2
99403	2
38378	2
40162	2
91043	2
239857	2
216861	2
99511	2
78860	2
120393	2
192860	2
119784	2
90615	2
144377	2
201494	2
22294	2
100809	2
58149	2
282929	2
118170	2
280233	2
53265	2
243812	2
81491	2
153272	2
244848	2
74334	2
293732	2
158880	2
130356	2
89639	2
93221	2
204192	2
87163	2
81161	2
289133	2
224046	2
132501	2
104377	2
184517	2
168119	2
71052	2
183765	2
26229	2
216847	2
270964	2
290135	2
153531	2
217857	2
209252	2
158273	2
135052	2
277341	2
113489	2
269324	2
100584	2
3027	2
216025	2
174464	2
35427	2
240642	2
1919	2
141990	2
159102	2
33652	2
183079	2
177195	2
60429	2
128421	2
267106	2
285450	2
23204	2
125220	2
228796	2
78110	2
137696	2
111267	2
217347	2
266691	2
94268	2
80229	2
69585	2
115043	2
78424	2
393	2
131618	2
173209	2
220042	2
213637	2
56648	2
74455	2
167147	2
23118	2
256061	2
92648	2
54549	2
269122	2
72116	2
227919	2
164551	2
47358	2
172845	2
264223	2
10412	2
98856	2
126264	2
151143	2
105216	2
87751	2
235597	2
62651	2
67447	2
193970	2
210439	2
33756	2
107672	2
33936	2
209716	2
248298	2
257254	2
245200	2
61001	2
193996	2
131602	2
222687	2
3974	2
50625	2
215685	2
185069	2
118539	2
84206	2
135170	2
96379	2
200579	2
130201	2
9958	2
228506	2
227271	2
129089	2
141641	2
217834	2
161067	2
60455	2
35376	2
68015	2
55693	2
179710	2
191802	2
206847	2
22905	2
143658	2
171237	2
163106	2
203000	2
21243	2
51297	2
65225	2
9886	2
174106	2
181933	2
76838	2
218053	2
39332	2
248180	2
193677	2
182833	2
147805	2
9381	2
252406	2
152326	2
58690	2
269251	2
37738	2
111121	2
118711	2
21636	2
220447	2
195437	2
96780	2
239258	2
133503	2
7660	2
296345	2
210130	2
246191	2
97462	2
192946	2
99208	2
136885	2
258189	2
29140	2
288214	2
94489	2
176100	2
287844	2
211502	2
99675	2
107184	2
151226	2
217922	2
258754	2
78353	2
268986	2
181748	2
165063	2
107849	2
294017	2
177644	2
230020	2
45753	2
101779	2
166668	2
258040	2
255335	2
21229	2
259010	2
125162	2
256907	2
267020	2
167744	2
45933	2
121382	2
291528	2
94584	2
249759	2
128478	2
293608	2
65020	2
90266	2
264174	2
101008	2
23615	2
272289	2
238504	2
197847	2
251871	2
182342	2
274368	2
145912	2
189170	2
43855	2
213356	2
119531	2
274030	2
264707	2
232757	2
153928	2
162577	2
186629	2
262639	2
18020	2
278988	2
235334	2
75748	2
12699	2
160070	2
286682	2
122032	2
291295	2
122450	2
71083	2
120777	2
287605	2
285607	2
152509	2
166300	2
91791	2
208312	2
32749	2
129244	2
128948	2
187419	2
251985	2
124081	2
8271	2
3865	2
100076	2
271868	2
65433	2
168764	2
294933	2
186254	2
83745	2
92897	2
192765	2
201131	2
24489	2
192747	2
77470	2
186799	2
232098	2
242398	2
175032	2
28913	2
245733	2
43864	2
238283	2
272061	2
96268	2
182588	2
19669	2
204158	2
294894	2
108429	2
120386	2
273004	2
287645	2
101277	2
124940	2
75735	2
49794	2
250270	2
293257	2
132727	2
83015	2
27053	2
35717	2
234698	2
201355	2
185431	2
164764	2
97186	2
128027	2
270276	2
280266	2
182892	2
86948	2
110309	2
224273	2
64276	2
70268	2
57850	2
21709	2
2264	2
58446	2
268699	2
157278	2
273655	2
197635	2
229363	2
11303	2
2027	2
73336	2
124354	2
90263	2
108712	2
9718	2
132124	2
139305	2
199048	2
255698	2
155581	2
224315	2
275267	2
161708	2
214507	2
76292	2
117617	2
48129	2
281101	2
251539	2
30294	2
244366	2
135994	2
151163	2
248186	2
126626	2
275159	2
240371	2
165142	2
68695	2
123315	2
257036	2
64484	2
227394	2
43252	2
97936	2
215715	2
102750	2
283998	2
160170	2
164343	2
44752	2
153143	2
97064	2
45823	2
74412	2
125146	2
261781	2
279955	2
208331	2
17099	2
45993	2
135213	2
188583	2
242759	2
253094	2
139521	2
6324	2
295184	2
234079	2
221727	2
65803	2
204072	2
295085	2
56203	2
110151	2
18568	2
216853	2
115747	2
179666	2
205497	2
76933	2
247068	2
180738	2
128798	2
137585	2
236569	2
258428	2
155017	2
269815	2
171486	2
138180	2
66851	2
78085	2
151079	2
106952	2
251135	2
2922	2
85997	2
53473	2
156265	2
56117	2
122569	2
150407	2
273184	2
241509	2
188161	2
215153	2
238497	2
151732	2
265037	2
268207	2
205725	2
174669	2
131020	2
