38.4051966452 444.894472566
(9,102.067031568)	(28,134.473946678)	(33,1.88323612187)	
157588	17
166553	17
250359	17
128292	17
76307	17
268851	17
50857	17
150844	17
223021	17
16842	17
162180	17
41226	17
143718	17
285164	17
179492	17
274847	17
90848	17
193579	17
187581	17
156392	17
102111	17
16653	17
36224	17
92675	17
222970	17
108180	17
178477	17
39294	17
12855	17
232584	17
87871	17
227209	17
288736	17
28829	17
227902	17
1	17
16521	17
68238	17
274388	17
54783	17
292102	17
50853	17
40452	17
69329	17
236481	17
111133	17
66610	17
30657	17
231952	17
171171	17
75764	17
62900	17
174510	17
21071	17
281388	17
32538	17
221122	17
140193	17
157272	17
80001	17
115425	17
251543	17
84005	17
129471	17
210889	17
59418	17
19029	17
292788	17
157311	17
54035	17
251891	17
111739	17
226978	17
187026	17
213938	17
295204	17
135423	17
199043	17
4303	17
55850	17
237451	17
199494	17
78792	17
184207	17
250733	17
273356	17
142911	17
171698	17
197140	17
220503	17
49095	17
260709	17
221852	17
206060	17
102744	17
21321	17
247070	17
165945	17
285915	17
66971	17
33487	17
78327	17
236892	17
88526	17
189910	17
279871	17
100188	17
149424	17
250575	17
178891	17
246002	17
119065	17
31852	17
262963	17
9919	17
186296	17
275134	17
111146	17
15784	17
80908	17
188232	17
15528	17
39214	17
215262	17
76485	17
249262	17
143878	17
76034	17
44422	17
276602	17
231067	17
37662	17
94661	17
87957	17
244742	17
165654	17
70551	17
224883	17
157729	17
83140	17
114333	17
126620	17
261783	17
206133	17
129504	17
154311	17
228186	17
140109	17
251300	17
262290	17
257434	17
94874	17
195640	17
288719	17
285042	17
64859	17
210871	17
44978	17
154302	17
136607	17
116803	17
37341	17
230495	17
170331	17
182239	17
134890	17
161016	17
158535	17
102684	17
294361	17
71044	17
77756	17
2308	17
170700	17
40145	17
98500	17
214916	17
182028	17
88039	17
280409	17
111284	17
227002	17
132867	17
31916	17
171978	17
87625	17
178502	17
160770	17
134476	17
86455	17
259797	17
21584	17
79329	17
119356	17
237681	17
49106	17
184798	17
162105	17
251263	17
164143	17
138825	17
74634	17
229930	17
163326	17
222441	17
235975	17
205082	17
273278	17
194768	17
268393	17
261628	17
204751	17
70519	17
131307	17
145656	17
259256	17
8948	17
234806	17
149209	17
283790	17
88589	17
238617	17
259289	17
253711	17
205846	17
104642	17
190056	17
125070	17
61290	17
62181	17
158948	17
223169	17
42824	17
11540	17
35230	17
51500	17
31735	17
282633	17
164427	17
147859	17
198213	17
112035	17
126511	17
186724	17
47679	17
200392	17
166326	17
227625	17
288521	17
131955	17
52000	17
4671	17
100195	17
267885	17
165011	17
256939	17
40429	17
190020	17
296214	17
147187	17
265313	17
188461	17
168562	17
162649	17
101101	17
115463	17
273318	17
222756	17
124755	17
135674	17
286765	17
119016	17
274049	17
100050	17
225029	17
278575	17
288961	17
157928	17
256258	17
252276	17
22634	17
121187	17
241957	17
85619	17
67743	17
28629	17
282141	17
241584	17
10752	17
36121	17
67123	17
21987	17
204345	17
149831	17
72781	17
62638	17
57331	17
196471	17
59683	17
23202	17
27945	17
100296	17
181589	17
203432	17
47914	17
160935	17
50002	17
260884	17
61187	17
219651	17
72165	17
76819	17
159485	17
225142	17
119139	17
116556	17
88366	17
277967	17
260480	17
134813	17
186900	17
182632	17
23835	17
59063	17
270456	17
33900	17
38314	17
202310	17
71937	17
72510	17
27611	17
115579	17
174202	17
217169	17
145875	17
157407	17
81624	17
265159	17
97568	17
54855	17
175454	17
194495	17
288349	17
112369	17
251365	17
185080	17
119672	17
93876	17
223089	17
257082	17
214494	17
165389	17
170237	17
296544	17
170224	17
275136	17
168049	17
264097	17
285140	17
96206	17
288920	17
262748	17
111435	17
293054	17
160251	17
110836	17
193882	17
109904	17
180176	17
249109	17
61685	17
192562	17
149218	17
161559	17
115655	17
25245	17
163629	17
197437	17
138539	17
7226	17
210055	17
194414	17
138984	17
422	17
187494	17
244937	17
272947	17
78940	17
17055	17
209615	17
231681	17
11804	17
78139	17
101878	17
184396	17
90151	17
147421	17
54775	17
139789	17
208061	17
225187	17
284731	17
21902	17
174081	17
38557	17
101342	17
205776	17
6221	17
154317	17
243532	17
42893	17
240249	17
56760	17
206148	17
209329	17
242830	17
188275	17
11440	17
37862	17
238480	17
76087	17
228694	17
208083	17
71705	17
206005	17
232680	17
277148	17
143678	17
23438	17
288393	17
246799	17
50483	17
198155	17
181669	17
150829	17
278901	17
220773	17
6180	17
59611	17
68743	17
125793	17
284032	17
102189	17
277452	17
86251	17
258424	17
90036	17
30229	17
166855	17
25289	17
121498	17
284797	17
100565	17
234509	17
186013	17
248670	17
183861	17
159022	17
270853	17
73981	17
235780	17
19387	17
213296	17
11978	17
51592	17
180910	17
132177	17
214055	17
66781	17
136520	17
216538	17
203420	17
199660	17
205031	17
258767	17
109979	17
287158	17
205754	17
68967	17
94977	17
231414	17
101768	17
215409	17
24408	17
279137	17
