0.997090498252 232.002909502
(1,79.1415829471)	(19,79.1415829471)	(26,79.5874529128)	(37,79.1415829471)	
260529	11
185482	11
89617	11
91065	11
228064	11
77757	11
150549	11
206352	11
247258	11
147192	11
161624	11
188463	11
75294	11
141433	11
105356	11
140610	11
8527	11
102410	11
98242	11
86595	11
274708	11
163239	11
62742	11
112499	11
14541	11
124959	11
184827	11
119542	11
185507	11
146159	11
47282	11
26791	11
108870	11
222844	11
35359	11
93603	11
43130	11
16420	11
219811	11
104892	11
280358	11
109907	11
204624	11
28335	11
217567	11
34749	11
194387	11
36718	11
33995	11
117737	11
296289	11
133573	11
34341	11
78590	11
291006	11
18589	11
213633	11
47570	11
142865	11
2785	11
73641	11
289316	11
204067	11
137082	11
195024	11
109537	11
31699	11
68763	11
34304	11
45861	11
89551	11
234187	11
57822	11
267693	11
6168	11
278921	11
72081	11
168868	11
26534	11
55653	11
164837	11
104934	11
182976	11
103801	11
3901	11
262683	11
52780	11
125052	11
271746	11
288522	11
201521	11
210516	11
223752	11
271733	11
103261	11
276592	11
51374	11
2591	11
246739	11
236637	11
92559	11
8430	11
45542	11
39642	11
49937	11
155976	11
69733	11
216370	11
173271	11
164958	11
102510	11
54535	11
53523	11
217272	11
176104	11
41021	11
194904	11
70511	11
118827	11
283219	11
91640	11
143207	11
112663	11
253522	11
184989	11
45678	11
48776	11
198311	11
222038	11
134242	11
273804	11
287371	11
25125	11
270052	11
18312	11
193375	11
184278	11
116439	11
54868	11
167062	11
153807	11
235110	11
180771	11
24162	11
115078	11
241496	11
149804	11
131335	11
208763	11
32918	11
182409	11
46522	11
54521	11
278162	11
121723	11
186265	11
139317	11
154792	11
246563	11
29402	11
208136	11
187486	11
206318	11
50961	11
287393	11
261285	11
56992	11
166982	11
17065	11
27897	11
131609	11
266419	11
283234	11
117595	11
157537	11
73715	11
241830	11
209870	11
103428	11
58322	11
272752	11
45562	11
288865	11
96636	11
141687	11
191804	11
240942	11
141852	11
40288	11
156290	11
146138	11
230875	11
200573	11
68839	11
189849	11
241963	11
52636	11
261244	11
160206	11
274134	11
21465	11
40046	11
283789	11
227857	11
170607	11
286333	11
91390	11
170706	11
75420	11
74243	11
232091	11
67197	11
110083	11
258635	11
255430	11
116669	11
198447	11
52377	11
19048	11
86325	11
8230	11
216202	11
79288	11
13507	11
146750	11
140976	11
180341	11
34917	11
197222	11
217487	11
125366	11
201826	11
98959	11
