175.8625007 524.814416306
(3,10.2152880548)	(9,0.456999524073)	(15,1.11225580973)	(28,0.408353090495)	(49,0.57827386794)	(53,75.1008195863)	(58,0.473908827565)	(62,111.652580968)	(66,3.16537327613)	(67,13.8627050298)	(71,162.734916186)	(76,65.3219466813)	(77,50.8073727097)	
131834	16
92899	16
30648	16
124177	16
60403	16
125538	16
98457	16
267090	16
151810	16
188434	16
214665	16
189477	16
249234	16
278274	16
104382	16
255806	16
55807	16
12873	16
294759	16
144360	16
272377	16
209159	16
157395	16
33450	16
210427	16
3359	16
38749	16
119173	16
96082	16
45864	16
273684	16
33788	16
234120	16
290126	16
128920	16
226475	16
75070	16
237378	16
2161	16
147509	16
67161	16
288422	16
108117	16
160601	16
37	16
67943	16
139423	16
86612	16
110967	16
172259	16
213699	16
186810	16
75463	16
231758	16
166113	16
16352	16
45569	16
188683	16
39625	16
236562	16
1528	16
184885	16
193474	16
288310	16
97359	16
101363	16
11003	16
199955	16
55186	16
77120	16
317	16
11779	16
296429	16
174091	16
276661	16
290218	16
137483	16
17948	16
125718	16
279457	16
68133	16
146326	16
166391	16
129361	16
196147	16
24098	16
87970	16
14682	16
17430	16
177850	16
22052	16
287975	16
6051	16
73807	16
195128	16
97250	16
252708	16
276799	16
54835	16
131690	16
44184	16
219639	16
252586	16
257651	16
9832	16
29800	16
71698	16
95883	16
179665	16
189042	16
150732	16
32758	16
247012	16
88377	16
294096	16
252854	16
230281	16
62702	16
108423	16
282947	16
11814	16
222523	16
224679	16
256050	16
288930	16
262996	16
147769	16
88148	16
144566	16
125776	16
273451	16
245436	16
187794	16
1450	16
72268	16
102520	16
53926	16
117618	16
101781	16
42696	16
250214	16
151339	16
52697	16
147152	16
221791	16
61181	16
184997	16
264262	16
23284	16
231938	16
279750	16
245708	16
65927	16
213466	16
274216	16
67648	16
98233	16
215895	16
161840	16
248093	16
279211	16
284620	16
99807	16
252829	16
216234	16
191779	16
236759	16
272504	16
249292	16
86483	16
95740	16
36893	16
66805	16
285065	16
203052	16
231189	16
55784	16
273406	16
215284	16
129721	16
62607	16
23543	16
87444	16
39463	16
234605	16
9645	16
294856	16
68249	16
111061	16
94181	16
204691	16
8776	16
109877	16
214481	16
107062	16
168018	16
116587	16
108812	16
77340	16
50844	16
221584	16
232566	16
118879	16
255419	16
75755	16
251198	16
81648	16
81640	16
60021	16
251118	16
21347	16
60379	16
231079	16
252472	16
40175	16
276706	16
10989	16
283214	16
288066	16
188193	16
258382	16
227047	16
152969	16
11942	16
171737	16
280000	16
133173	16
160641	16
24021	16
85681	16
189111	16
214893	16
283574	16
74371	16
23362	16
3682	16
125870	16
23443	16
128293	16
255559	16
288298	16
95561	16
204085	16
160868	16
64455	16
73648	16
117413	16
31228	16
255494	16
54250	16
210336	16
277256	16
13831	16
260032	16
23128	16
110636	16
176900	16
2054	16
23511	16
79220	16
24091	16
213690	16
278583	16
161449	16
224511	16
274972	16
123959	16
201099	16
147409	16
87953	16
67371	16
64253	16
203686	16
279980	16
185010	16
60248	16
73730	16
283909	16
278514	16
203707	16
81159	16
83081	16
118526	16
246201	16
108116	16
89252	16
151767	16
46789	16
293580	16
147724	16
191785	16
278640	16
231698	16
87355	16
287163	16
174379	16
167906	16
38177	16
74788	16
216587	16
102864	16
149609	16
30605	16
79347	16
143683	16
22567	16
98715	16
9639	16
144138	16
64275	16
81379	16
151907	16
171178	16
1950	16
222940	16
203215	16
179343	16
181564	16
97493	16
193934	16
88453	16
123380	16
204892	16
213870	16
287875	16
251238	16
107096	16
118984	16
33789	16
138924	16
151389	16
267824	16
144394	16
170803	16
224379	16
31794	16
35255	16
47661	16
231009	16
8777	16
1598	16
271816	16
145106	16
258552	16
186697	16
74784	16
273883	16
257126	16
164820	16
144989	16
86042	16
150328	16
189476	16
223280	16
36661	16
234231	16
295780	16
182208	16
32001	16
123322	16
108394	16
215753	16
167186	16
38689	16
186662	16
108282	16
166040	16
136377	16
230437	16
46572	16
57031	16
237120	16
60020	16
122220	16
195507	16
194470	16
50764	16
88530	16
116564	16
13848	16
185159	16
103881	16
58328	16
279746	16
255429	16
54874	16
171512	16
136122	16
191648	16
211120	16
29243	16
199169	16
95828	16
272325	16
244867	16
292802	16
259775	16
78160	16
39112	16
173532	16
195055	16
67058	16
163025	16
129126	16
78317	16
275144	16
40228	16
156212	16
33837	16
265462	16
99024	16
173402	16
18210	16
245631	16
256558	16
77536	16
9312	16
25654	16
116511	16
186020	16
109021	16
295803	16
24028	16
289518	16
104585	16
85946	16
146891	16
124312	16
157192	16
225303	16
236066	16
43377	16
209222	16
130366	16
61845	16
5891	16
228090	16
43355	16
87496	16
88949	16
189353	16
104592	16
16476	16
231243	16
216176	16
62444	16
98809	16
192616	16
6829	16
81450	16
103737	16
181915	16
117570	16
3109	16
17714	16
155011	16
167708	16
87333	16
251249	16
121988	16
166404	16
210365	16
11958	16
117134	16
114034	16
705	16
158452	16
260872	16
21395	16
86190	16
234095	16
189646	16
60359	16
180201	16
81754	16
40601	16
103028	16
248136	16
24089	16
287616	16
218832	16
108861	16
181754	16
54727	16
168517	16
103406	16
40146	16
279194	16
44223	16
99368	16
140551	16
266837	16
75003	16
80366	16
146863	16
145314	16
133359	16
245702	16
256720	16
250212	16
166634	16
182618	16
40094	16
130794	16
60247	16
49567	16
75278	16
200855	16
61356	16
51719	16
187727	16
219040	16
258858	16
539	16
89839	16
56466	16
18077	16
93977	16
21248	16
208433	16
252953	16
293833	16
190154	16
109509	16
76693	16
33557	16
61716	16
278742	16
294854	16
251152	16
96772	16
201180	16
173166	16
5355	16
141471	16
27974	16
159834	16
270081	16
67260	16
222370	16
17717	16
113296	16
179	16
41022	16
154165	16
46258	16
225344	16
232014	16
64283	16
140630	16
172248	16
40366	16
265195	16
255844	16
88933	16
240464	16
264945	16
115896	16
176943	16
192318	16
180191	16
59513	16
27581	16
140469	16
30581	16
207304	16
234232	16
130475	16
187789	16
91540	16
188344	16
12299	16
110767	16
240697	16
139872	16
123888	16
220967	16
32536	16
55247	16
251314	16
147554	16
138916	16
261410	16
173441	16
161745	16
153461	16
208925	16
107680	16
60984	16
282440	16
117555	16
82610	16
125154	16
187572	16
161693	16
289566	16
128265	16
172280	16
80630	16
219501	16
259934	16
100595	16
266752	16
234711	16
79032	16
47293	16
248424	16
230827	16
23970	16
83161	16
52970	16
56615	16
102827	16
243924	16
62379	16
193335	16
256214	16
76536	16
18657	16
203322	16
213507	16
252841	16
14587	16
73566	16
278272	16
39241	16
253033	16
179946	16
39032	16
182311	16
241773	16
31	16
294627	16
168728	16
155971	16
13102	16
115166	16
214928	16
139494	16
277310	16
195445	16
296412	16
69288	16
213107	16
89163	16
22533	16
272285	16
273637	16
296049	16
104249	16
92220	16
172833	16
1315	16
266842	16
60386	16
64889	16
265652	16
288190	16
173467	16
102878	16
193744	16
38462	16
294511	16
177706	16
83257	16
118046	16
295480	16
292445	16
215426	16
143129	16
268008	16
239730	16
126458	16
293226	16
17304	16
30862	16
174480	16
202255	16
18288	16
255538	16
60258	16
53717	16
38523	16
44061	16
120430	16
189251	16
264822	16
27941	16
123581	16
97861	16
33870	16
131731	16
236300	16
181989	16
159733	16
144564	16
128816	16
240110	16
13630	16
257495	16
53018	16
481	16
168654	16
91298	16
45138	16
30646	16
97986	16
52325	16
175652	16
124834	16
67646	16
273343	16
236973	16
213363	16
62086	16
232172	16
61942	16
52005	16
133219	16
89386	16
206665	16
81438	16
61076	16
276998	16
67580	16
46682	16
178218	16
21542	16
124934	16
230358	16
289813	16
218356	16
131363	16
137512	16
64941	16
218172	16
245372	16
75103	16
51615	16
231731	16
33444	16
72894	16
232024	16
242746	16
146862	16
176854	16
228175	16
59776	16
165397	16
179271	16
59817	16
276648	16
255694	16
161047	16
172339	16
141261	16
65458	16
3217	16
195534	16
64611	16
206683	16
21380	16
195664	16
52607	16
33332	16
251221	16
49306	16
81540	16
69087	16
195149	16
284573	16
168189	16
186923	16
104248	16
16786	16
143502	16
105081	16
81953	16
54519	16
159912	16
161807	16
231793	16
182426	16
219913	16
294222	16
213696	16
125274	16
207587	16
202001	16
38207	16
102659	16
294510	16
39037	16
161810	16
193626	16
81711	16
231186	16
138041	16
187645	16
25090	16
21506	16
192030	16
211489	16
123980	16
86329	16
160088	16
152445	16
9138	16
61656	16
116188	16
19035	16
188437	16
163041	16
215805	16
68013	16
237247	16
260834	16
178827	16
47348	16
113891	16
207244	16
104464	16
215386	16
99291	16
108521	16
66712	16
120747	16
224557	16
151822	16
257483	16
18199	16
140929	16
293605	16
243495	16
153046	16
147612	16
125018	16
186673	16
136735	16
86556	16
150920	16
117608	16
179932	16
12526	16
61292	16
110902	16
113598	16
49283	16
194025	16
259218	16
257559	16
155826	16
34430	16
214983	16
216422	16
152764	16
76098	16
118234	16
253784	16
151383	16
138764	16
137404	16
185917	16
4920	16
29883	16
170261	16
288339	16
62125	16
246698	16
288555	16
193873	16
272734	16
194924	16
168596	16
267343	16
248722	16
64754	16
289578	16
293627	16
95475	16
154357	16
173053	16
2984	16
187685	16
83029	16
33606	16
27306	16
284292	16
160747	16
45816	16
33400	16
168992	16
295445	16
66635	16
227071	16
250073	16
58591	16
45225	16
75972	16
187627	16
236976	16
12759	16
156157	16
30445	16
18696	16
199530	16
231717	16
192540	16
217199	16
61177	16
35019	16
81553	16
173008	16
228135	16
121960	16
225396	16
210110	16
152092	16
182479	16
126356	16
21348	16
239029	16
256602	16
75846	16
83494	16
54155	16
209826	16
79244	16
223444	16
205585	16
82321	16
4775	16
116409	16
64264	16
165339	16
194263	16
23038	16
182930	16
119509	16
194968	16
271858	16
85658	16
216615	16
168471	16
40860	16
125573	16
