113.362081494 503.597100996
(6,1.4852884229)	(21,133.440890446)	(28,0.296984065815)	(33,43.1648364242)	(41,133.700568498)	(46,133.440890446)	(64,0.318061181476)	
293123	7
204149	7
258522	7
284022	7
100207	7
243166	7
237594	7
287979	7
178015	7
205111	7
236900	7
192161	7
193782	7
135373	7
164577	7
98927	7
82065	7
165390	7
88827	7
88852	7
28472	7
166593	7
18228	7
105284	7
53377	7
86267	7
14888	7
192877	7
289177	7
44351	7
93179	7
207665	7
262332	7
209577	7
33726	7
145349	7
272676	7
101864	7
221834	7
133599	7
269139	7
173591	7
103479	7
280444	7
107615	7
189851	7
175980	7
235185	7
57229	7
174222	7
4505	7
38558	7
138680	7
23341	7
95234	7
134594	7
25798	7
265540	7
37436	7
2510	7
184179	7
4057	7
255370	7
284729	7
110884	7
28111	7
65493	7
228846	7
130774	7
221867	7
108913	7
75232	7
35841	7
58167	7
13045	7
226439	7
108405	7
194422	7
144496	7
268925	7
483	7
250445	7
150329	7
288181	7
77681	7
182519	7
70095	7
251419	7
228819	7
291921	7
91894	7
128465	7
24483	7
267223	7
123914	7
210067	7
84184	7
50264	7
60717	7
175777	7
47857	7
189460	7
181406	7
59429	7
245362	7
227959	7
90963	7
11421	7
162197	7
223645	7
118893	7
132930	7
285160	7
198743	7
69592	7
3607	7
45028	7
43057	7
43093	7
269984	7
291262	7
171838	7
50637	7
247463	7
192613	7
133458	7
2019	7
260734	7
210724	7
284538	7
89312	7
71650	7
189222	7
47376	7
185239	7
37106	7
110938	7
295943	7
293668	7
280282	7
237385	7
217066	7
14992	7
61769	7
174932	7
154413	7
106919	7
277855	7
294683	7
71724	7
291381	7
76703	7
73883	7
241459	7
77419	7
211313	7
204221	7
59200	7
6267	7
547	7
231672	7
4694	7
109447	7
40567	7
245820	7
205114	7
114584	7
81340	7
247044	7
74227	7
58089	7
88383	7
198373	7
227741	7
188606	7
122534	7
47027	7
153004	7
75981	7
98849	7
292217	7
132324	7
100619	7
8144	7
76171	7
60275	7
258031	7
124150	7
228469	7
114719	7
16115	7
173631	7
21719	7
21409	7
33693	7
37987	7
156519	7
222980	7
166651	7
249150	7
215164	7
14665	7
292309	7
296200	7
13714	7
101887	7
210376	7
60309	7
231812	7
70788	7
163209	7
156151	7
172881	7
177936	7
35079	7
152476	7
65276	7
240980	7
115433	7
194232	7
87254	7
182204	7
113862	7
222522	7
289954	7
285998	7
93138	7
123168	7
120046	7
226162	7
187823	7
177103	7
121809	7
128752	7
222935	7
18027	7
205635	7
100101	7
249749	7
282689	7
278576	7
138018	7
220832	7
179211	7
147144	7
165023	7
232839	7
171927	7
96814	7
201842	7
197578	7
65562	7
176904	7
40718	7
213038	7
249712	7
207710	7
142459	7
163995	7
256785	7
88765	7
205796	7
286292	7
165791	7
24693	7
231311	7
236347	7
175130	7
8232	7
136324	7
165096	7
136405	7
90698	7
1529	7
283314	7
142055	7
180479	7
149911	7
157264	7
236109	7
81469	7
257294	7
21162	7
62178	7
119024	7
53743	7
95327	7
280074	7
108930	7
283695	7
188732	7
244827	7
35220	7
22695	7
201389	7
7509	7
37460	7
55499	7
5150	7
39189	7
151608	7
272206	7
72607	7
92476	7
134515	7
132276	7
279918	7
99067	7
152552	7
231068	7
247494	7
268686	7
167282	7
2633	7
241676	7
150172	7
28562	7
56787	7
287667	7
228116	7
126465	7
31102	7
151063	7
293073	7
288684	7
231598	7
117339	7
231121	7
262947	7
80568	7
182122	7
163376	7
54341	7
269933	7
288051	7
23691	7
35322	7
199148	7
255383	7
146588	7
14644	7
120773	7
71999	7
187653	7
28728	7
120715	7
24618	7
292052	7
292874	7
43532	7
119812	7
163084	7
241100	7
28485	7
62234	7
255606	7
34329	7
23318	7
258115	7
103833	7
274513	7
156534	7
146885	7
54688	7
290605	7
147525	7
236160	7
79573	7
79375	7
165738	7
152628	7
28676	7
292218	7
170817	7
290915	7
42971	7
90147	7
181871	7
192901	7
48883	7
34673	7
44810	7
86351	7
7803	7
270373	7
205984	7
278395	7
46690	7
56224	7
23031	7
31450	7
19492	7
6484	7
27880	7
224927	7
44436	7
283865	7
293165	7
183129	7
48810	7
145282	7
70088	7
86272	7
17054	7
102221	7
11874	7
28452	7
133243	7
237343	7
263786	7
99500	7
178501	7
288114	7
92732	7
170314	7
263650	7
151478	7
245892	7
101314	7
61262	7
227377	7
103451	7
125543	7
73962	7
285706	7
34325	7
15760	7
213903	7
146382	7
79322	7
128096	7
86290	7
71865	7
131397	7
222473	7
286615	7
244543	7
99481	7
249434	7
83213	7
230373	7
108191	7
173113	7
143796	7
79331	7
145871	7
174048	7
165947	7
237620	7
53708	7
132983	7
246624	7
47389	7
146229	7
223669	7
262536	7
272847	7
152516	7
292562	7
101471	7
104605	7
227034	7
36576	7
267706	7
137773	7
263311	7
239073	7
258043	7
166142	7
154198	7
292889	7
125697	7
108335	7
66670	7
92783	7
73260	7
47818	7
43182	7
124758	7
156508	7
129230	7
150546	7
280821	7
81579	7
128606	7
120259	7
272381	7
28228	7
95798	7
182721	7
167067	7
194300	7
209167	7
146101	7
156113	7
244278	7
231054	7
68589	7
247529	7
163179	7
106714	7
204065	7
272833	7
61421	7
18021	7
244375	7
151192	7
150713	7
89221	7
135730	7
32270	7
83757	7
58036	7
241255	7
211481	7
206045	7
229262	7
22572	7
44374	7
136209	7
110238	7
196979	7
146035	7
251294	7
274390	7
251643	7
170809	7
17107	7
144330	7
31198	7
205206	7
61267	7
103609	7
15721	7
2470	7
264687	7
68466	7
286401	7
27449	7
167081	7
92535	7
71338	7
140240	7
196171	7
253807	7
102769	7
91484	7
217380	7
259971	7
259647	7
264412	7
112108	7
293209	7
152838	7
247932	7
70557	7
170265	7
237690	7
87058	7
176641	7
238668	7
206957	7
130816	7
231357	7
262946	7
292075	7
243402	7
71778	7
112625	7
105328	7
284986	7
193266	7
210635	7
237706	7
56368	7
1897	7
295885	7
40015	7
173912	7
218752	7
234695	7
1538	7
250419	7
228799	7
165722	7
282148	7
78449	7
8850	7
2342	7
199017	7
48608	7
166947	7
14106	7
107744	7
40925	7
35110	7
178045	7
176106	7
32887	7
158054	7
39235	7
52342	7
30162	7
21076	7
205350	7
248115	7
134166	7
172322	7
48231	7
38799	7
226818	7
283697	7
262573	7
282658	7
65487	7
219166	7
265907	7
152302	7
246272	7
229327	7
