100.089994173 576.693485921
(7,137.558961438)	(23,2.23270978311)	(33,3.49884155628)	(43,165.188419517)	(50,266.283141162)	(62,1.62353020843)	(69,132.9310555)	
286895	13
292393	13
88391	13
296371	13
182872	13
175467	13
159991	13
247315	13
219154	13
285447	13
209850	13
189965	13
209630	13
130262	13
225302	13
165295	13
13728	13
230410	13
239840	13
290430	13
267111	13
219644	13
6815	13
79452	13
1506	13
29804	13
8530	13
197016	13
92323	13
253570	13
294144	13
253354	13
255385	13
11612	13
79737	13
271602	13
267850	13
178473	13
189015	13
214423	13
42656	13
109486	13
105297	13
12851	13
55560	13
134482	13
50268	13
280538	13
266556	13
185037	13
87916	13
25620	13
46195	13
158589	13
261250	13
186241	13
293804	13
68645	13
24612	13
225650	13
55843	13
120195	13
121350	13
261081	13
281289	13
155999	13
44218	13
112491	13
94912	13
143651	13
228657	13
95869	13
109129	13
155308	13
140492	13
9146	13
147901	13
255749	13
38716	13
269092	13
227164	13
31632	13
221052	13
55234	13
45169	13
80290	13
204541	13
196778	13
257462	13
27918	13
266772	13
87479	13
139508	13
110710	13
220521	13
292951	13
253264	13
247809	13
138208	13
204794	13
49495	13
113711	13
187488	13
78208	13
271246	13
38734	13
251936	13
213178	13
71333	13
193272	13
207401	13
292810	13
173678	13
100405	13
240462	13
123415	13
98527	13
27657	13
21677	13
265874	13
171755	13
144597	13
288747	13
116796	13
156006	13
82317	13
229474	13
98750	13
202064	13
236298	13
102515	13
255613	13
132383	13
171690	13
211190	13
843	13
76163	13
39139	13
8431	13
117441	13
159292	13
90710	13
154400	13
221931	13
65541	13
202002	13
66625	13
79272	13
145316	13
151847	13
292560	13
266264	13
221764	13
201854	13
97791	13
38415	13
164894	13
238704	13
50721	13
284808	13
82476	13
285	13
193760	13
193562	13
294711	13
186357	13
269395	13
71816	13
271497	13
292616	13
103896	13
157628	13
223323	13
86367	13
250196	13
219308	13
279908	13
261022	13
196713	13
87197	13
140556	13
293078	13
161827	13
68028	13
3224	13
226175	13
223543	13
291348	13
151086	13
284166	13
207923	13
174906	13
256921	13
56454	13
295182	13
65694	13
27366	13
102446	13
137846	13
162581	13
97260	13
199972	13
268726	13
23348	13
12793	13
160051	13
159411	13
117422	13
189344	13
16829	13
291890	13
278925	13
270419	13
56036	13
121467	13
146936	13
234213	13
182705	13
241785	13
50225	13
237678	13
141876	13
290350	13
69698	13
9460	13
45032	13
35783	13
55680	13
153152	13
39956	13
25180	13
139097	13
53769	13
66596	13
201976	13
1037	13
77785	13
60994	13
130599	13
65368	13
125849	13
185511	13
6069	13
112397	13
54531	13
272732	13
263648	13
166523	13
101982	13
212257	13
195604	13
275311	13
56502	13
124859	13
252697	13
141533	13
87287	13
217140	13
291924	13
114416	13
38216	13
25359	13
131170	13
150041	13
193585	13
13215	13
62718	13
129038	13
30050	13
155024	13
172478	13
214826	13
260803	13
80673	13
122556	13
121867	13
57008	13
260717	13
192634	13
57695	13
135633	13
248089	13
262621	13
118416	13
268973	13
67595	13
207435	13
147197	13
39224	13
27335	13
240276	13
157329	13
261145	13
122659	13
133631	13
2003	13
14179	13
142662	13
251353	13
45850	13
279135	13
119396	13
34300	13
120460	13
97567	13
218112	13
165056	13
70274	13
175691	13
197178	13
198117	13
179318	13
29096	13
152032	13
55402	13
268955	13
47777	13
221233	13
255915	13
220740	13
241877	13
204760	13
122196	13
199183	13
105065	13
194870	13
84039	13
109577	13
274907	13
278837	13
262401	13
288489	13
147492	13
253650	13
189124	13
289536	13
16339	13
195697	13
1002	13
284715	13
251865	13
87319	13
227495	13
142143	13
78674	13
192960	13
225664	13
29175	13
109053	13
141703	13
75546	13
250353	13
200525	13
142791	13
275165	13
160867	13
101853	13
37777	13
100577	13
107091	13
235385	13
140151	13
149853	13
140559	13
262644	13
75195	13
4536	13
206776	13
231297	13
248330	13
136613	13
109181	13
280510	13
123040	13
253392	13
153955	13
86302	13
170718	13
265689	13
188946	13
283465	13
189949	13
89707	13
1157	13
270746	13
109862	13
185242	13
132675	13
13982	13
215912	13
65446	13
261865	13
97670	13
25565	13
198680	13
237664	13
234759	13
219127	13
160009	13
78251	13
141967	13
106885	13
183381	13
98608	13
213406	13
241786	13
264138	13
295303	13
178659	13
140285	13
55197	13
145022	13
220646	13
205694	13
170790	13
3652	13
111306	13
267377	13
210872	13
290443	13
2358	13
160812	13
95153	13
127967	13
159023	13
135450	13
37535	13
289135	13
125929	13
128184	13
70206	13
139326	13
83987	13
29675	13
66858	13
86100	13
221663	13
87882	13
98367	13
60089	13
152615	13
78295	13
141822	13
37049	13
41192	13
18688	13
218388	13
175814	13
18028	13
38538	13
189260	13
90958	13
227360	13
146768	13
200499	13
154882	13
193726	13
271064	13
149509	13
126577	13
105116	13
50860	13
98499	13
160593	13
207883	13
71689	13
71326	13
285416	13
50741	13
262554	13
167224	13
35032	13
214722	13
244378	13
279921	13
208068	13
52651	13
105048	13
69778	13
100209	13
208510	13
274232	13
44199	13
269968	13
261775	13
288824	13
79520	13
220400	13
251400	13
60162	13
222594	13
216742	13
264255	13
76222	13
288121	13
242196	13
182904	13
133179	13
223856	13
252287	13
11522	13
286189	13
22689	13
249647	13
98240	13
180469	13
153177	13
159867	13
201096	13
80353	13
94521	13
239077	13
103846	13
35429	13
150099	13
141552	13
23743	13
116224	13
290274	13
1988	13
255484	13
79256	13
252045	13
10969	13
54245	13
177798	13
224337	13
65292	13
223145	13
8832	13
136029	13
15048	13
97147	13
244780	13
91909	13
133736	13
206250	13
106934	13
221091	13
3785	13
98308	13
294367	13
103560	13
51413	13
104396	13
57107	13
1813	13
7671	13
56049	13
58919	13
35082	13
147436	13
243033	13
5602	13
206621	13
207248	13
216912	13
73057	13
206759	13
135662	13
173808	13
74207	13
220463	13
140442	13
227116	13
281866	13
147432	13
162680	13
295665	13
98568	13
194515	13
146934	13
267448	13
229473	13
166114	13
163162	13
216277	13
48451	13
32818	13
14201	13
1178	13
224782	13
66235	13
209981	13
252923	13
245398	13
120202	13
288883	13
17406	13
2144	13
255571	13
70948	13
106710	13
280735	13
188482	13
48877	13
252901	13
208807	13
156683	13
56412	13
56636	13
140671	13
287907	13
140499	13
124866	13
160303	13
236091	13
10906	13
268364	13
234826	13
132397	13
78171	13
178056	13
129586	13
268746	13
73013	13
292839	13
123434	13
196009	13
28974	13
128574	13
252725	13
143050	13
250679	13
119343	13
26635	13
147285	13
155956	13
282849	13
88796	13
17877	13
60530	13
277971	13
46578	13
118861	13
205826	13
252101	13
114021	13
2290	13
162604	13
244300	13
142167	13
142457	13
91615	13
124189	13
55721	13
197819	13
271142	13
98227	13
68192	13
16988	13
291805	13
274541	13
238862	13
164703	13
131701	13
59552	13
103713	13
35370	13
23328	13
89504	13
155178	13
175572	13
174597	13
261554	13
133884	13
234062	13
139363	13
1606	13
167548	13
226119	13
114348	13
22565	13
239739	13
282665	13
244353	13
173329	13
61784	13
185935	13
21278	13
246243	13
251377	13
185030	13
47968	13
246346	13
118627	13
189122	13
7118	13
91307	13
150234	13
128211	13
256592	13
74395	13
91879	13
152038	13
67001	13
70492	13
219092	13
219544	13
59101	13
8551	13
181908	13
