0.0 294.0
(48,94.5773900072)	
124551	1
280152	1
151133	1
263335	1
293189	1
208277	1
155256	1
43592	1
172808	1
14545	1
136251	1
228781	1
44467	1
50875	1
182708	1
60292	1
115999	1
46919	1
223779	1
271365	1
18839	1
12406	1
252353	1
184755	1
164645	1
15010	1
23684	1
200277	1
286925	1
243456	1
77753	1
170639	1
177285	1
187031	1
18585	1
217152	1
244109	1
208255	1
229445	1
84171	1
225311	1
11601	1
2895	1
96345	1
228309	1
202288	1
230722	1
65817	1
54743	1
6613	1
188328	1
191920	1
221113	1
128418	1
130543	1
171311	1
210900	1
237110	1
252641	1
256797	1
28865	1
224921	1
28348	1
89600	1
153333	1
193900	1
11407	1
26412	1
230739	1
27837	1
66175	1
136224	1
198343	1
284156	1
123099	1
246187	1
277213	1
78226	1
203287	1
70172	1
180163	1
6018	1
208867	1
272769	1
241460	1
222913	1
104493	1
227499	1
289248	1
116429	1
194016	1
136618	1
10874	1
197798	1
103852	1
56278	1
178216	1
238639	1
89964	1
204535	1
163230	1
6007	1
187801	1
30731	1
49623	1
32104	1
144589	1
14603	1
70159	1
14009	1
206410	1
72683	1
86226	1
231953	1
185304	1
255630	1
206322	1
24334	1
15060	1
257625	1
128503	1
227855	1
242586	1
157989	1
281420	1
244764	1
68767	1
137437	1
259779	1
217737	1
154588	1
102730	1
7130	1
68392	1
202502	1
220515	1
107427	1
77082	1
12779	1
252420	1
13534	1
257311	1
49050	1
179905	1
486	1
21342	1
175659	1
267701	1
87760	1
246173	1
152435	1
4147	1
135766	1
182845	1
59580	1
177139	1
282260	1
242637	1
150288	1
123383	1
199034	1
113087	1
132396	1
35656	1
132749	1
194671	1
14132	1
39832	1
132752	1
125091	1
57825	1
238926	1
143688	1
35054	1
96695	1
284998	1
259853	1
187622	1
49798	1
293248	1
58763	1
221076	1
209849	1
93289	1
50125	1
177485	1
94464	1
119610	1
114381	1
78145	1
229582	1
141031	1
251541	1
166986	1
108937	1
113160	1
290959	1
261861	1
162339	1
1034	1
52611	1
191874	1
268758	1
111045	1
262684	1
238391	1
186777	1
207432	1
113964	1
57191	1
156615	1
111870	1
113582	1
13520	1
43183	1
65532	1
206413	1
226608	1
110235	1
88586	1
203469	1
292355	1
74109	1
92760	1
216718	1
21238	1
276594	1
181056	1
3499	1
186066	1
32186	1
155501	1
14087	1
199884	1
77813	1
151123	1
157886	1
67089	1
234835	1
284164	1
113770	1
261886	1
51981	1
162208	1
161018	1
274534	1
109319	1
60444	1
262018	1
288205	1
5310	1
205660	1
223750	1
241530	1
116193	1
200670	1
147010	1
174449	1
88891	1
149823	1
271616	1
171712	1
283877	1
27207	1
11880	1
164369	1
153882	1
132942	1
205552	1
266964	1
23096	1
159673	1
136681	1
231906	1
149184	1
267538	1
268070	1
259904	1
99462	1
27034	1
23012	1
99497	1
161249	1
198050	1
240199	1
293043	1
1390	1
48455	1
55938	1
144262	1
252031	1
37534	1
240263	1
47357	1
