0.231093157425 353.768906843
(33,0.383031075635)	(44,107.700544259)	(51,107.700544259)	
36488	5
120403	5
291554	5
91076	5
108108	5
216270	5
144351	5
174608	5
267076	5
200664	5
145217	5
273554	5
251705	5
209397	5
141468	5
24168	5
155582	5
160689	5
17856	5
113023	5
141491	5
240000	5
81925	5
36462	5
23958	5
123983	5
118981	5
206356	5
204242	5
163895	5
205375	5
189183	5
118989	5
113636	5
268396	5
5483	5
243993	5
136808	5
182555	5
69798	5
293776	5
236092	5
239794	5
73821	5
163837	5
75935	5
230788	5
136909	5
293541	5
141828	5
135845	5
170301	5
23020	5
94808	5
246693	5
115623	5
162751	5
238164	5
98013	5
76435	5
68537	5
141110	5
102384	5
226062	5
10264	5
123200	5
124098	5
17698	5
270076	5
133560	5
17812	5
184830	5
183686	5
29970	5
73397	5
209241	5
17100	5
271138	5
162719	5
108760	5
43149	5
101473	5
125282	5
13913	5
3360	5
287953	5
295558	5
149335	5
120617	5
146653	5
261923	5
231287	5
256297	5
102716	5
234420	5
109663	5
136966	5
103027	5
76535	5
79453	5
174238	5
34894	5
273704	5
256262	5
49890	5
138780	5
133789	5
217841	5
183553	5
153329	5
31219	5
292239	5
167151	5
285150	5
70425	5
180307	5
32412	5
223095	5
273577	5
244957	5
273379	5
157747	5
178850	5
97930	5
96450	5
226513	5
231063	5
29931	5
205842	5
59244	5
30753	5
162453	5
101678	5
256503	5
55503	5
130146	5
189366	5
2609	5
80138	5
90614	5
227842	5
4979	5
278419	5
203462	5
242757	5
119529	5
229408	5
295353	5
64437	5
261888	5
92928	5
33613	5
188453	5
24495	5
188691	5
21823	5
155972	5
141519	5
214651	5
101421	5
291726	5
145506	5
100534	5
165892	5
235333	5
183306	5
246010	5
91811	5
225048	5
144350	5
52274	5
27638	5
145072	5
285684	5
128763	5
78083	5
138946	5
103438	5
149551	5
235349	5
76107	5
183644	5
136594	5
48951	5
261748	5
24702	5
131201	5
29437	5
126133	5
58550	5
264404	5
1382	5
56699	5
293042	5
149475	5
256881	5
234355	5
282347	5
73904	5
52439	5
227067	5
136082	5
141466	5
164139	5
130879	5
180670	5
251206	5
46027	5
202800	5
102265	5
242215	5
291606	5
221191	5
178354	5
68306	5
207357	5
97483	5
104357	5
108559	5
136730	5
70123	5
264682	5
115603	5
24009	5
256056	5
92376	5
184296	5
145057	5
277673	5
289540	5
156224	5
8240	5
57740	5
130578	5
193289	5
2620	5
59575	5
268909	5
251264	5
12772	5
149299	5
242549	5
287670	5
122803	5
240349	5
13018	5
111474	5
255642	5
90990	5
137654	5
176330	5
268365	5
72060	5
395	5
261973	5
96237	5
256799	5
185549	5
29073	5
40191	5
295556	5
265890	5
128799	5
241607	5
8370	5
100616	5
96570	5
247599	5
29419	5
187514	5
146786	5
283458	5
230131	5
210195	5
78130	5
2776	5
64863	5
35869	5
170633	5
111728	5
143907	5
288640	5
259878	5
264089	5
92661	5
100190	5
16096	5
72713	5
146435	5
125951	5
91556	5
162925	5
271779	5
155642	5
198937	5
29256	5
80495	5
76357	5
96795	5
243550	5
47601	5
184020	5
178706	5
102361	5
65748	5
229464	5
32713	5
227134	5
195017	5
56207	5
243990	5
286070	5
64523	5
272943	5
99066	5
77475	5
38481	5
229165	5
162622	5
24233	5
232631	5
224979	5
209538	5
24668	5
44204	5
77075	5
74306	5
12603	5
138377	5
170236	5
242355	5
189197	5
82251	5
265271	5
147821	5
83483	5
29199	5
185922	5
257771	5
8348	5
46758	5
116944	5
94599	5
107308	5
111329	5
228364	5
257458	5
64952	5
163126	5
163027	5
293252	5
125986	5
192966	5
171785	5
