[[ 0.          0.          0.00344477  0.          0.00015658  0.00602834
   0.          0.          0.          0.          0.00023487  0.00031316
   0.          0.          0.          0.          0.          0.01283958
   0.          0.        ]
 [ 0.          0.0007829   0.00086119  0.00180067  0.00031316  0.02340875
   0.          0.00054803  0.          0.00219212  0.          0.00007829
   0.00164409  0.00093948  0.00187896  0.          0.0007829   0.          0.
   0.00046974]
 [ 0.00054803  0.          0.00375793  0.          0.          0.00595005
   0.          0.          0.          0.          0.01143036  0.00563689
   0.          0.          0.          0.          0.          0.01213497
   0.          0.        ]
 [ 0.00931653  0.          0.0063415   0.00062632  0.          0.00422767
   0.          0.          0.          0.          0.01119549  0.00493228
   0.00140922  0.00109606  0.00101777  0.          0.          0.01260471
   0.          0.        ]
 [ 0.          0.00023487  0.00367964  0.00046974  0.00023487  0.00563689
   0.          0.00054803  0.          0.00015658  0.00007829  0.0007829
   0.          0.00007829  0.          0.          0.00046974  0.01393565
   0.00140922  0.        ]
 [ 0.          0.00015658  0.00352306  0.00101777  0.00109606  0.00688953
   0.          0.00062632  0.00015658  0.00062632  0.          0.          0.
   0.0007829   0.00062632  0.          0.00015658  0.00164409  0.00438425
   0.0007829 ]
 [ 0.00172238  0.          0.0039928   0.          0.          0.00524544
   0.          0.          0.          0.          0.01119549  0.00822047
   0.          0.          0.          0.          0.          0.01816331
   0.          0.        ]
 [ 0.01283958  0.00430596  0.02755813  0.00054803  0.00250528  0.06380647
   0.          0.00187896  0.00031316  0.00289674  0.02137321  0.012683
   0.00015658  0.00031316  0.00070461  0.00031316  0.00274016  0.083379
   0.00446254  0.0007829 ]
 [ 0.00023487  0.00046974  0.00367964  0.0007829   0.00039145  0.00493228
   0.          0.00015658  0.          0.00031316  0.01119549  0.00532373
   0.          0.          0.00015658  0.          0.00015658  0.01244813
   0.00062632  0.0007829 ]
 [ 0.01260471  0.          0.00923824  0.          0.00015658  0.00665466
   0.          0.          0.          0.          0.00908166  0.00446254
   0.          0.          0.          0.          0.00015658  0.01127378
   0.00015658  0.        ]
 [ 0.          0.          0.00696782  0.          0.00015658  0.0111172
   0.          0.          0.          0.          0.          0.          0.
   0.          0.          0.          0.          0.          0.          0.        ]
 [ 0.          0.00015658  0.00391451  0.          0.00015658  0.01221326
   0.          0.          0.          0.          0.00023487  0.00046974
   0.          0.          0.          0.          0.          0.01283958
   0.          0.        ]
 [ 0.00031316  0.00062632  0.00861192  0.00031316  0.00039145  0.01315274
   0.          0.00031316  0.00015658  0.00046974  0.01096062  0.00438425
   0.00031316  0.          0.00046974  0.          0.00015658  0.01377907
   0.00015658  0.00039145]
 [ 0.          0.          0.00328819  0.          0.          0.00540202
   0.          0.          0.          0.          0.00023487  0.00046974
   0.          0.          0.          0.          0.00007829  0.00962969
   0.          0.        ]
 [ 0.0007829   0.00031316  0.00595005  0.0007829   0.00046974  0.02278243
   0.          0.00117435  0.00062632  0.00046974  0.00039145  0.00195725
   0.          0.          0.00015658  0.00023487  0.00117435  0.02654036
   0.00532373  0.        ]
 [ 0.          0.00391451  0.00305332  0.00305332  0.00109606  0.0063415
   0.          0.00093948  0.00117435  0.02426994  0.          0.0007829
   0.00140922  0.00211383  0.00673295  0.          0.00093948  0.00086119
   0.00696782  0.01041259]
 [ 0.          0.          0.00798559  0.00015658  0.          0.01260471
   0.          0.          0.          0.          0.00015658  0.00093948
   0.          0.00015658  0.00015658  0.          0.00015658  0.01495342
   0.00039145  0.00031316]
 [ 0.00054803  0.00039145  0.00375793  0.00070461  0.00109606  0.01127378
   0.          0.00046974  0.00015658  0.00015658  0.01150865  0.00438425
   0.          0.00031316  0.00007829  0.          0.          0.01260471
   0.          0.        ]
 [ 0.00062632  0.00046974  0.00493228  0.0007829   0.          0.02419165
   0.          0.0007829   0.00015658  0.          0.          0.          0.
   0.00015658  0.00015658  0.          0.00054803  0.00039145  0.00289674
   0.00031316]
 [ 0.00031316  0.00062632  0.00352306  0.00093948  0.00046974  0.00493228
   0.          0.00109606  0.00743756  0.          0.          0.00046974
   0.00007829  0.00031316  0.00023487  0.          0.0007829   0.00054803
   0.00117435  0.00109606]]
[[ 0.00091723  0.00028652  0.00271746  0.00027571  0.00020003  0.00591065
   0.          0.00019642  0.00023426  0.00072622  0.00228497  0.00129566
   0.00011533  0.00014416  0.00028472  0.00001261  0.00019101  0.00622781
   0.00064332  0.0003532 ]
 [ 0.00142265  0.0004444   0.00421483  0.00042763  0.00031024  0.00916754
   0.          0.00030465  0.00036335  0.00112638  0.00354404  0.00200959
   0.00017888  0.0002236   0.00044161  0.00001956  0.00029627  0.00965946
   0.00099781  0.00054782]
 [ 0.0015724   0.00049118  0.0046585   0.00047265  0.0003429   0.01013255
   0.          0.00033672  0.00040159  0.00124494  0.00391709  0.00222113
   0.00019771  0.00024714  0.00048809  0.00002162  0.00032745  0.01067624
   0.00110284  0.00060548]
 [ 0.00210277  0.00065686  0.00622982  0.00063207  0.00045856  0.01355027
   0.          0.0004503   0.00053705  0.00166487  0.00523834  0.00297032
   0.0002644   0.00033049  0.00065273  0.00002892  0.00043791  0.01427736
   0.00147483  0.00080971]
 [ 0.00110442  0.000345    0.00327204  0.00033198  0.00024085  0.00711691
   0.          0.00023651  0.00028207  0.00087442  0.00275129  0.00156008
   0.00013887  0.00017358  0.00034283  0.00001519  0.00023     0.00749879
   0.00077461  0.00042528]
 [ 0.00089539  0.0002797   0.00265276  0.00026915  0.00019526  0.00576992
   0.          0.00019174  0.00022869  0.00070893  0.00223057  0.00126481
   0.00011258  0.00014073  0.00027794  0.00001231  0.00018647  0.00607953
   0.00062801  0.00034479]
 [ 0.0019343   0.00060423  0.00573069  0.00058143  0.00042182  0.01246464
   0.          0.00041422  0.00049403  0.00153148  0.00481865  0.00273234
   0.00024321  0.00030402  0.00060043  0.0000266   0.00040282  0.01313347
   0.00135667  0.00074484]
 [ 0.00970581  0.00303188  0.02875514  0.00291746  0.00211659  0.06254434
   0.          0.00207846  0.00247889  0.00768456  0.02417873  0.01371018
   0.00122038  0.00152547  0.00301281  0.00013348  0.00202125  0.06590038
   0.00680742  0.00373741]
 [ 0.00165975  0.00051847  0.00491731  0.0004989   0.00036195  0.01069546
   0.          0.00035543  0.00042391  0.00131411  0.00413471  0.00234452
   0.00020869  0.00026086  0.00051521  0.00002283  0.00034565  0.01126937
   0.00116411  0.00063912]
 [ 0.00214333  0.00066953  0.00634998  0.00064426  0.00046741  0.01381162
   0.          0.00045898  0.00054741  0.00169698  0.00533937  0.00302761
   0.0002695   0.00033687  0.00066532  0.00002948  0.00044635  0.01455274
   0.00150328  0.00082533]
 [ 0.00072692  0.00022707  0.00215363  0.00021851  0.00015852  0.00468429
   0.          0.00015567  0.00018566  0.00057554  0.00181088  0.00102683
   0.0000914   0.00011425  0.00022565  0.00001     0.00015138  0.00493564
   0.00050985  0.00027991]
 [ 0.0011949   0.00037326  0.00354009  0.00035917  0.00026058  0.00769993
   0.          0.00025588  0.00030518  0.00094606  0.00297668  0.00168788
   0.00015024  0.0001878   0.00037091  0.00001643  0.00024884  0.0081131
   0.00083807  0.00046012]
 [ 0.00219013  0.00068415  0.00648862  0.00065833  0.00047761  0.01411319
   0.          0.00046901  0.00055936  0.00173403  0.00545595  0.00309371
   0.00027538  0.00034422  0.00067984  0.00003012  0.0004561   0.01487048
   0.0015361   0.00084335]
 [ 0.00076124  0.00023779  0.00225531  0.00022882  0.00016601  0.00490544
   0.          0.00016302  0.00019442  0.00060271  0.00189637  0.00107531
   0.00009572  0.00011964  0.0002363   0.00001047  0.00015853  0.00516866
   0.00053392  0.00029313]
 [ 0.00275482  0.00086054  0.00816162  0.00082807  0.00060076  0.01775206
   0.          0.00058993  0.00070359  0.00218112  0.00686269  0.00389138
   0.00034638  0.00043298  0.00085513  0.00003789  0.00057369  0.01870461
   0.00193216  0.00106079]
 [ 0.00295137  0.00092194  0.00874393  0.00088715  0.00064362  0.01901863
   0.          0.00063202  0.00075379  0.00233674  0.00735232  0.00416902
   0.0003711   0.00046387  0.00091614  0.00004059  0.00061463  0.02003914
   0.00207002  0.00113648]
 [ 0.00151312  0.00047266  0.00448288  0.00045483  0.00032997  0.00975056
   0.          0.00032403  0.00038646  0.00119801  0.00376943  0.0021374
   0.00019025  0.00023782  0.00046969  0.00002081  0.00031511  0.01027377
   0.00106127  0.00058266]
 [ 0.00189062  0.00059059  0.00560129  0.0005683   0.0004123   0.01218318
   0.          0.00040487  0.00048287  0.0014969   0.00470984  0.00267064
   0.00023772  0.00029715  0.00058687  0.000026    0.00039372  0.01283691
   0.00132604  0.00072802]
 [ 0.00145072  0.00045317  0.00429802  0.00043607  0.00031637  0.00934848
   0.          0.00031067  0.00037052  0.00114861  0.00361399  0.00204926
   0.00018241  0.00022801  0.00045032  0.00001995  0.00030212  0.00985011
   0.0010175   0.00055863]
 [ 0.00095779  0.00029919  0.00283762  0.0002879   0.00020887  0.00617201
   0.          0.00020511  0.00024462  0.00075833  0.00238601  0.00135295
   0.00012043  0.00015054  0.00029731  0.00001317  0.00019946  0.00650319
   0.00067177  0.00036882]]
[[ 0.          0.          0.00081696  0.         -0.00003834  0.00011885
   0.          0.          0.          0.         -0.00053435 -0.00044471
   0.          0.          0.          0.          0.          0.00928955
   0.          0.        ]
 [ 0.          0.00044334 -0.00136761  0.00258874  0.00000293  0.02194432
   0.          0.00032178  0.          0.00145966  0.         -0.00025407
   0.00364699  0.0013486   0.00272084  0.          0.00076078  0.          0.
  -0.00007223]
 [-0.00057764  0.         -0.0008073   0.          0.         -0.00316753
   0.          0.          0.          0.          0.01224104  0.00524973
   0.          0.          0.          0.          0.          0.00155413
   0.          0.        ]
 [ 0.01386797  0.          0.00011268 -0.00000572  0.         -0.0049242
   0.          0.          0.          0.          0.00850306  0.00250132
   0.00235812  0.00131406  0.00045211  0.          0.         -0.0015706
   0.          0.        ]
 [ 0.         -0.00009031  0.00043199  0.00016305 -0.0000059  -0.00131419
   0.          0.00046054  0.         -0.00026932 -0.00027867 -0.0005398
   0.         -0.00006234  0.          0.          0.00033545  0.00863604
   0.00084332  0.        ]
 [ 0.         -0.00009084  0.0009996   0.00135376  0.00189085  0.00122182
   0.          0.00074138 -0.00005931 -0.00007759  0.          0.          0.
   0.00134359  0.00050886  0.         -0.00002735 -0.00215004  0.00851957
   0.00064204]
 [-0.00019986  0.         -0.00144278  0.          0.         -0.00454012
   0.          0.          0.          0.          0.009438    0.00905458
   0.          0.          0.          0.          0.          0.00588927
   0.          0.        ]
 [ 0.00359262  0.00151061 -0.00117174 -0.00091638  0.00042238  0.00127477
   0.         -0.0001896  -0.00064788 -0.00282614 -0.00263606 -0.0009877
  -0.00032151 -0.00049584 -0.00102379  0.00026706  0.00083382  0.0196151
  -0.00188451 -0.00122378]
 [-0.00045926 -0.00004636 -0.0010669   0.00035277  0.00003067 -0.00381768
   0.         -0.00012836  0.         -0.00044913  0.01115176  0.00436595
   0.          0.         -0.00018649  0.         -0.00012399  0.00123837
  -0.00038822  0.00015886]
 [ 0.02233191  0.          0.00346341  0.         -0.00017124 -0.00485919
   0.          0.          0.          0.          0.00482371  0.00173122
   0.          0.          0.          0.         -0.00016402 -0.00287819
  -0.00035416  0.        ]
 [ 0.          0.          0.00818125  0.         -0.00000193  0.00960836
   0.          0.          0.          0.          0.          0.          0.
   0.          0.          0.          0.          0.          0.          0.        ]
 [ 0.         -0.00013602  0.00039355  0.         -0.00007975  0.00563411
   0.          0.          0.          0.         -0.00059646 -0.00060082
   0.          0.          0.          0.          0.          0.00589405
   0.          0.        ]
 [-0.0006091  -0.00005531  0.002438   -0.00023267 -0.00007787 -0.000927    0.
  -0.00012648 -0.00019936 -0.00061349  0.00764615  0.00152855  0.00004026
   0.         -0.00017365  0.         -0.00016741 -0.00105035 -0.00035754
  -0.00030045]
 [ 0.          0.          0.00123981  0.          0.          0.00052091
   0.          0.          0.          0.         -0.00049057 -0.00038903
   0.          0.          0.          0.         -0.00005524  0.00599196
   0.          0.        ]
 [-0.00098497 -0.00031656 -0.00188047 -0.00004391 -0.00011556  0.00568395
   0.          0.0008085  -0.00007286 -0.00072125 -0.00112111 -0.00134507
   0.          0.         -0.00026582  0.00042851  0.00084128  0.00928638
   0.00539579  0.        ]
 [ 0.          0.00566024 -0.00321249  0.00377381  0.00058351 -0.00696489
   0.          0.00037242  0.00052066  0.05680337  0.         -0.00130935
   0.00188037  0.00320596  0.01342954  0.          0.00039864 -0.00271028
   0.00845717  0.02306473]
 [ 0.          0.          0.00461067 -0.00016697  0.          0.0032362
   0.          0.          0.          0.         -0.0004981  -0.00077227
   0.         -0.00006544 -0.000172    0.         -0.0001095   0.00561271
  -0.00039042 -0.00019444]
 [-0.00067864 -0.00016099 -0.0014999   0.00015149  0.00107166 -0.00087458
   0.          0.00006981 -0.00017634 -0.00035349  0.01028235  0.00217327
   0.          0.00001643 -0.00015771  0.          0.         -0.00023009
   0.          0.        ]
 [-0.00052608  0.00001687  0.00067891  0.00045815  0.          0.02300128
   0.          0.00072363 -0.00013487  0.          0.          0.          0.
  -0.00005885 -0.00016541  0.          0.00032636 -0.00126258  0.00303066
  -0.00018125]
 [-0.00035009  0.00046271  0.00076226  0.00111113  0.00038071 -0.00110593
   0.          0.00183695  0.02539618  0.          0.         -0.00049692
  -0.00003372  0.00022939 -0.00005537  0.          0.00107053 -0.00135567
   0.00065594  0.00119381]]
